# Stage 2: R0 optimization sweep
# N=60, nr0sq=1.0, h=1.32, R_match=0.8349980438651612
# L=7.745966692414834, L/2=3.872983346207417
#
# --- Coarse sweep ---
# R0	E/N	Error	eps_b	E_drift/N	Error_drift	E_lap/N	Error_lap
0.66	2.874320783517812	0.0002593187591871258	-0.04137993157158808	2.9127218956665737	0.002741234080879364	2.8935213395922093	0.00137057631513969
0.9520893951097651	2.869925793098772	0.0002597235082662088	-0.04137993157158808	2.84388379778227	0.00246232717222025	2.856904795440505	0.0012265719972229118
1.2441787902195305	2.8736095253130816	0.0002492500887503743	-0.04137993157158808	2.900190856448575	0.0037696187141390753	2.88690019088084	0.0018854959533313347
1.5362681853292954	2.8774976833490613	0.0002716623570212042	-0.04137993157158808	2.880980577434278	0.002471362206395543	2.879239130391613	0.0012389433380016654
1.8283575804390608	2.8702844861083974	0.0002641568653562338	-0.04137993157158808	2.865073598199422	0.002538903314486584	2.8676790421540104	0.0012688530296166066
2.120446975548826	2.880115281785441	0.000267692720503078	-0.04137993157158808	2.8414099970364046	0.002276982631306214	2.8607626394109036	0.0011409477540334381
2.412536370658591	2.8781606024648467	0.0002759880290465007	-0.04137993157158808	2.9067345292397677	0.0030704017569670337	2.892447565852299	0.0015348495819980164
2.7046257657683563	2.8791474895483358	0.0002870234637779968	-0.04137993157158808	2.9118509477990377	0.0023280475979588298	2.8954992186737645	0.001167430608466169
2.9967151608781215	2.8790165540132255	0.00028483661148862027	-0.04137993157158808	2.863934429231442	0.002333428254882111	2.871475491622309	0.0011668282595158031
3.288804555987887	2.880406730995299	0.00029823342875634246	-0.04137993157158808	2.8676940437631555	0.00251722318588004	2.874050387379204	0.001262444176287432
3.580893951097652	2.889604322053918	0.000284017276346145	-0.04137993157158808	2.9023789689587525	0.002653941035284452	2.8959916455063603	0.0013373595622477683
3.872983346207417	2.8905953437595904	0.000292818270620044	-0.04137993157158808	2.851074138770787	0.002435987977604614	2.8708347412652366	0.0012241360817134446
#
# --- Fine sweep ---
# R0	E/N	Error	eps_b	E_drift/N	Error_drift	E_lap/N	Error_lap
0.6664625765768355	2.873561093038221	8.13333816812485e-5	-0.04137993157158808	2.8822066919429443	0.0007922544420719189	2.8778838924904755	0.0003969649288728167
0.7183947254010046	2.871852611075798	8.07408291501799e-5	-0.04137993157158808	2.867470364451799	0.0008348122481889595	2.869661487763717	0.0004179580093895589
0.7703268742251734	2.8718839678031403	8.144615708563533e-5	-0.04137993157158808	2.874583131283768	0.0008038991981835666	2.8732335495432553	0.00040257329959164976
0.8222590230493425	2.871770327138812	8.07479656531732e-5	-0.04137993157158808	2.8643569309022667	0.0007794499874709482	2.868063629020617	0.00038958636411726453
0.8741911718735116	2.8726957119019954	8.12415702405916e-5	-0.04137993157158808	2.8722804061117206	0.0008350875881180207	2.8724880590067006	0.0004187704821789095
0.9261233206976806	2.871402777152869	8.092456440371013e-5	-0.04137993157158808	2.8847998211657004	0.0009179947616023465	2.8781012991592547	0.0004600685400828975
0.9780554695218495	2.8725071730487537	8.099276686250297e-5	-0.04137993157158808	2.8665271126526504	0.0007952977850277357	2.869517142850525	0.0003982520262596744
1.0299876183460186	2.871844557155375	8.230823596228384e-5	-0.04137993157158808	2.86560024565839	0.0007934419011696826	2.868722401406598	0.00039694836958125844
1.0819197671701877	2.870978493636086	8.153430237349908e-5	-0.04137993157158808	2.8734356479915153	0.0010446779165587197	2.8722070708142784	0.0005225930851438493
1.1338519159943568	2.8729129543059524	8.10326167703411e-5	-0.04137993157158808	2.865929914805831	0.0008357127303534157	2.8694214345560174	0.00041813861874596584
1.1857840648185256	2.8728099180612054	8.199407680637996e-5	-0.04137993157158808	2.877276776236579	0.000839646750875164	2.8750433471491346	0.0004202541218581229
1.2377162136426947	2.8726379840157796	8.241851154811617e-5	-0.04137993157158808	2.8804590236580836	0.0011473285669446327	2.8765485038370047	0.0005739038425934178
#
# --- Optimal ---
R0_opt      = 1.0819197671701877
energy_b    = -0.04137993157158808
E_opt       = 2.870978493636086
err_opt     = 8.153430237349908e-5
