# Stage 2: R0 optimization sweep
# N=60, nr0sq=0.010000000000000002, h=0.7, R_match=9.124748763664673
# L=77.45966692414834, L/2=38.72983346207417
#
# --- Coarse sweep ---
# R0	E/N	Error	eps_b	E_drift/N	Error_drift	E_lap/N	Error_lap
0.0	0.009223989062263528	0.00019713128002686774	0.0	0.009126265406734791	0.00020902642874194135	0.00917512723449916	0.00020020033355347053
2.0384122874775876	-0.004707454214906654	0.00012587438525856203	-0.1404502186988804	-0.00420910552685295	0.0006443243348065987	-0.004459745498602708	0.0003523745252214174
4.076824574955175	-0.02772950020791364	0.00011699109489491956	-0.1404502186988804	-0.028260476843162727	0.002194214782140984	-0.027994988525538174	0.001123211651362441
6.115236862432763	-0.02500938496291514	0.0006745233410640195	-0.1404502186988804	-0.026062606245567603	0.0030487756553209517	-0.02553599560424137	0.0015793613787942087
8.15364914991035	0.6586533998231627	0.00618182380784162	-0.1404502186988804	0.6681554202780259	0.005535789177392011	0.6634044100505943	0.006292465412627143
10.192061437387938	0.8456034728268325	0.004664082061264796	-0.1404502186988804	0.8484800775614211	0.0049402692999064995	0.8470233517267499	0.0037450278327072753
12.230473724865526	1.1583536844400222	0.006097836118964808	-0.1404502186988804	1.1655551709538317	0.008458586861920343	1.1619515933849849	0.00507374372640446
14.268886012343113	1.7542975747018432	0.004526628165444948	-0.1404502186988804	1.7331409006370122	0.007264421804281477	1.7437524201401051	0.004738019730727684
16.3072982998207	1.7096973038284702	0.004608813159850037	-0.1404502186988804	1.7227998535770668	0.008088342688599929	1.7162943744853585	0.005083156975448904
18.34571058729829	2.9635923311201977	0.007427966599482749	-0.1404502186988804	2.9534488259770493	0.01057479920787185	2.958517410382133	0.007473785993048968
20.384122874775876	4.654576532403477	0.008798037802385899	-0.1404502186988804	4.680203566072931	0.016179052351247305	4.667314903068413	0.010289693283464732
22.422535162253467	9.001328304227878	0.014902173068285942	-0.1404502186988804	9.026538210180089	0.02498391732421444	9.014034054267121	0.016321250223553876
24.46094744973105	6.510088235541291	0.011334411506665115	-0.1404502186988804	6.50198959941379	0.022680596475573342	6.506030285374671	0.01416791593698518
26.499359737208643	8.00913791382682	0.012948348405739475	-0.1404502186988804	7.99660399239467	0.021158613599678133	8.003165352032855	0.014260147026149927
28.537772024686227	23.03944588744451	0.05821960845474929	-0.1404502186988804	23.19219503525684	0.04948404156364134	23.11577802458711	0.03505779052974041
30.576184312163818	23.06831292018184	0.04272835219315734	-0.1404502186988804	23.190902033407333	0.05123563753857937	23.12960747679459	0.033170547275318464
32.6145965996414	23.01113010675056	0.0506897482015001	-0.1404502186988804	22.96636498116546	0.046158332069516174	22.988638470900437	0.0325541464883285
34.65300888711899	7.939085814451032	0.012600091183517504	-0.1404502186988804	7.949713347282384	0.02178969032589603	7.9445168556998995	0.014091955906326444
36.69142117459658	8.755325477810239	0.01482564059767321	-0.1404502186988804	8.812871394215184	0.025973158444792165	8.783797322449967	0.017112845354422743
38.72983346207417	7.599622013877942	0.012268741146408883	-0.1404502186988804	7.621618010070969	0.020549332133922835	7.610419551117297	0.014177019705625453
#
# --- Fine sweep ---
# R0	E/N	Error	eps_b	E_drift/N	Error_drift	E_lap/N	Error_lap
2.8537772024686223	-0.014078798913040164	0.00011406348442666243	-0.1404502186988804	-0.014619391333547073	0.0011401317679100964	-0.014350823214884536	0.0005942829294852856
2.9825190311514174	-0.015644729034810876	0.00011487993004471208	-0.1404502186988804	-0.0175889975620649	0.0015294893327564246	-0.016616863298437888	0.0007952587646738394
3.1112608598342124	-0.01679206022208525	0.00011769915535831416	-0.1404502186988804	-0.01906130003405036	0.0012153053210210015	-0.017926294994632625	0.0006285058893480804
3.2400026885170075	-0.018687050490147447	0.0001087526915095331	-0.1404502186988804	-0.018761368934453137	0.0012721410534037674	-0.018725011488220495	0.0006560919324481867
3.3687445171998025	-0.019954811284291708	0.00011136142056864906	-0.1404502186988804	-0.018880143160368675	0.0012539190877611	-0.019416735059657752	0.0006464630597045957
3.4974863458825975	-0.021561429903440142	0.00010740351614316189	-0.1404502186988804	-0.021106092069296336	0.0017821740946150273	-0.02133376098636824	0.000916056774029209
3.6262281745653926	-0.022914094397075212	0.00011486021500143333	-0.1404502186988804	-0.02400003505530265	0.002124637841548247	-0.023457064726188935	0.0010876188425286005
3.7549700032481876	-0.0246105433844175	0.00010811535413571094	-0.1404502186988804	-0.024189673029799973	0.0019030657888749875	-0.02440010820710874	0.0009728775462026025
3.8837118319309827	-0.025540487463108268	0.00011343869763061119	-0.1404502186988804	-0.027317315322700823	0.0021302283221768226	-0.026428901392904543	0.0010871663177697952
4.012453660613778	-0.026934439745906348	0.00011239407740428483	-0.1404502186988804	-0.026786035703366438	0.0021727869937707353	-0.02686023772463639	0.0011106143530393128
4.141195489296573	-0.028415325666880712	0.00011258381811756573	-0.1404502186988804	-0.025210666280890068	0.0023230728310427123	-0.026812995973885388	0.0011864390890343726
4.269937317979368	-0.029390287868447853	0.00011204945879272561	-0.1404502186988804	-0.030116476849717414	0.002587035111556636	-0.02975341846069136	0.0013146773303681716
4.398679146662163	-0.030633829817803916	0.00012058163379888778	-0.1404502186988804	-0.036944064733572014	0.0027668835193018523	-0.03378894727568796	0.0014036102785197622
4.527420975344958	-0.03111839447426098	0.0001320970406932528	-0.1404502186988804	-0.038216307273905084	0.002699648369775708	-0.03466735087408303	0.001373167960214152
4.656162804027753	-0.03222692446526291	0.00016135238621853125	-0.1404502186988804	-0.03552506410146182	0.002648432574597594	-0.03387599428336237	0.0013404351656065374
4.784904632710548	-0.03253768198713671	0.00014949410568310803	-0.1404502186988804	-0.028795038603803006	0.002815415448739746	-0.03066636029546986	0.0014261352861793613
4.913646461393343	-0.033385886737954694	0.00019068716802642674	-0.1404502186988804	-0.03218057780328946	0.002706722585855211	-0.032783232270622076	0.0013713757307454325
5.042388290076138	-0.03384877748126903	0.00019161763356207682	-0.1404502186988804	-0.02918449615968317	0.0027978523556212464	-0.031516636820476104	0.0014184256971515735
5.171130118758932	-0.03392826731129718	0.00019553967079685228	-0.1404502186988804	-0.03548848085357073	0.003110882633965888	-0.03470837408243396	0.0015766275250513606
5.299871947441728	-0.03371206607449493	0.0002499005701372535	-0.1404502186988804	-0.0279119871391656	0.0028946739273830605	-0.03081264502417787	0.001460330971484143
#
# --- Optimal ---
R0_opt      = 5.171130118758932
energy_b    = -0.1404502186988804
E_opt       = -0.03392826731129718
err_opt     = 0.00019553967079685228
tail_opt    = 0.0008109570831580559
