# Stage 2: R0 optimization sweep
# N=60, nr0sq=1.0, h=1.14, R_match=0.8349980438651612
# L=7.745966692414834, L/2=3.872983346207417
#
# --- Coarse sweep ---
# R0	E/N	Error	eps_b	E_drift/N	Error_drift	E_lap/N	Error_lap
0.57	2.8547729447722707	0.0002651125350897989	-0.05140147467582659	2.88920065157678	0.0025676244518958676	2.8719867981746128	0.001289059631418583
0.8702712132915833	2.8595925412986123	0.00027010154717642913	-0.05140147467582659	2.8756756427675656	0.0028714549344874443	2.867634092033149	0.00143595554294226
1.1705424265831668	2.854827493887456	0.00026738843092695864	-0.05140147467582659	2.8958159965825763	0.002815362287015415	2.87532174523503	0.0014071154910099725
1.47081363987475	2.856248829289094	0.0002731982317059813	-0.05140147467582659	2.8571963457842773	0.0026682481811733352	2.8567225875366518	0.001332242265213176
1.7710848531663332	2.8595815286782362	0.0002865288262382083	-0.05140147467582659	2.8731284678604325	0.0028757182522963372	2.8663549982692724	0.001436135524793092
2.0713560664579167	2.8662635943393817	0.0002967589187376948	-0.05140147467582659	2.8627908006789697	0.002466808562210041	2.864527197509079	0.0012359892088951601
2.3716272797495	2.872019851487498	0.0003015828830704016	-0.05140147467582659	2.887798324620448	0.002810990142940369	2.8799090880539326	0.0014026795798088324
2.671898493041083	2.874491068513817	0.0003050201446997926	-0.05140147467582659	2.868648241759033	0.0032691029273246575	2.871569655136464	0.0016375174626662846
2.9721697063326666	2.878601084231966	0.00031489324572493336	-0.05140147467582659	2.829214854485744	0.002483409802223612	2.853907969358837	0.0012503905540012822
3.2724409196242505	2.878124716066183	0.0003123743367038607	-0.05140147467582659	2.866548936699806	0.0025177745433245242	2.872336826382996	0.0012601157433922104
3.5727121329158336	2.883239878778227	0.00031899657248902596	-0.05140147467582659	2.8631448371468387	0.002433172974633528	2.873192357962544	0.0012195777010593275
3.872983346207417	2.890133207445052	0.0003410524147637731	-0.05140147467582659	2.874367220944828	0.002470203949044953	2.882250214194945	0.0012380532149940946
#
# --- Fine sweep ---
# R0	E/N	Error	eps_b	E_drift/N	Error_drift	E_lap/N	Error_lap
0.39899999999999997	2.859246403819589	8.566121188746767e-5	-0.05140147467582659	2.8691031170720063	0.0009147429017131259	2.864174760445668	0.00045842917878355794
0.430090909090909	2.8584550755631923	8.57351510455172e-5	-0.05140147467582659	2.8581824869380776	0.0009194833695099536	2.858318781250685	0.0004609458874945593
0.46118181818181814	2.8582050618592594	8.570524689328486e-5	-0.05140147467582659	2.8547585522314654	0.0007834387412583586	2.856481807045333	0.00039291619763178755
0.4922727272727272	2.859554353637458	8.424575758540232e-5	-0.05140147467582659	2.860732833884303	0.000891065877310052	2.860143593760909	0.0004467336551381777
0.5233636363636363	2.858982578301584	8.539409752302045e-5	-0.05140147467582659	2.8580944909180883	0.0008557501957179245	2.8585385346099357	0.00042881389726767954
0.5544545454545454	2.858747484079779	8.549619880847558e-5	-0.05140147467582659	2.869359878351065	0.00083910744572636	2.864053681215631	0.00042120263387629225
0.5855454545454545	2.8587022074175126	8.443886014247619e-5	-0.05140147467582659	2.8556776796553502	0.0008498525953457469	2.857189943536449	0.0004256166567969865
0.6166363636363636	2.85666268874192	8.404748150935759e-5	-0.05140147467582659	2.857621313039864	0.0008246256421758936	2.857142000890868	0.0004132940518343901
0.6477272727272727	2.8589400521133737	8.413309269052401e-5	-0.05140147467582659	2.857820878483402	0.0008000495483423916	2.858380465298579	0.0004010110001751835
0.6788181818181818	2.8587482415132475	8.426753413174354e-5	-0.05140147467582659	2.857181851472908	0.0008495361658775039	2.857965046493038	0.00042557249227488024
0.7099090909090908	2.8584009945569724	8.41221390031215e-5	-0.05140147467582659	2.859396515717096	0.0008262097411079931	2.8588987551370173	0.00041409716320728643
0.741	2.8572424357440003	8.409712368529838e-5	-0.05140147467582659	2.854825086173072	0.0007915426707897273	2.8560337609584687	0.0003971157325645452
#
# --- Optimal ---
R0_opt      = 0.6166363636363636
energy_b    = -0.05140147467582659
E_opt       = 2.85666268874192
err_opt     = 8.404748150935759e-5
