# Stage 2: R0 optimization sweep
# N=60, nr0sq=1.0, h=0.48, R_match=0.8349980438651612
# L=7.745966692414834, L/2=3.872983346207417
#
# --- Coarse sweep ---
# R0	E/N	Error	eps_b	E_drift/N	Error_drift	E_lap/N	Error_lap
0.24	2.820394925013752	0.0011175026513843406	-1.2844345374292558	2.800359917538861	0.0025389233825919774	2.8103774212763373	0.0015804180002476195
0.5236363636363637	2.6227953777745747	0.0008592152298563208	-1.2844345374292558	2.626633735927015	0.0027058000354940053	2.624714556850816	0.001527000472516323
0.8072727272727274	2.458904216552829	0.0006596882353335672	-1.2844345374292558	2.464748797810122	0.002768910937428766	2.4618265071815157	0.001409453078509184
1.0909090909090908	2.514975054171015	0.0008800866504482752	-1.2844345374292558	2.52978856325377	0.0038309465498153747	2.5223818087123315	0.0019125420362933884
1.3745454545454545	2.767631552184961	0.0011947499074121657	-1.2844345374292558	2.7767329816285424	0.00345619723535838	2.7721822669067016	0.0018363332241408978
1.658181818181818	3.273266597368286	0.0017162918692150849	-1.2844345374292558	3.239940766306947	0.004307769004629689	3.256603681837658	0.0024382182280039293
1.9418181818181817	4.626668573168632	0.002860566450360118	-1.2844345374292558	4.6830860091464634	0.006664740861603658	4.6548772911575025	0.004067542190943469
2.2254545454545456	22.5127946805939	0.010082585156354164	-1.2844345374292558	22.411806323009007	0.018985447552026007	22.462300501801373	0.012627605675628588
2.5090909090909093	55.20779089700474	0.015845227274759174	-1.2844345374292558	55.373283218532244	0.034595162261203516	55.290537057768226	0.02139677101524495
2.7927272727272725	53.430429878687356	0.013635651160291183	-1.2844345374292558	53.769992681368805	0.032055423165918646	53.6002112800288	0.01954827577360575
3.076363636363636	65.22209339249156	0.015402942042125946	-1.2844345374292558	65.41157402933317	0.03888653414553477	65.31683371091353	0.023285188010845316
3.36	165.38950649425482	0.03529388242507041	-1.2844345374292558	167.26115655161297	0.07245288469760931	166.32533152293522	0.045741439050684576
#
# --- Fine sweep ---
# R0	E/N	Error	eps_b	E_drift/N	Error_drift	E_lap/N	Error_lap
0.5650909090909091	2.592922448697848	0.0002599682560349087	-1.2844345374292558	2.60800299534511	0.0009305819945175711	2.6004627220213634	0.0005039613052303791
0.6091239669421488	2.5561384140353907	0.00024370454127776387	-1.2844345374292558	2.5530205682186864	0.0009074841357358074	2.554579491126856	0.0004856937993671336
0.6531570247933884	2.5237107794885008	0.00022938491008770356	-1.2844345374292558	2.4959712952040363	0.0008692732437078855	2.509841037346521	0.0004581204043206892
0.6971900826446282	2.4962765878413458	0.0002192124093091437	-1.2844345374292558	2.486311904510997	0.0009190943599227207	2.491294246175877	0.0004756946524717976
0.7412231404958678	2.4825308559137134	0.00021319392633410364	-1.2844345374292558	2.48241029319712	0.0010506108534386923	2.4824705745550792	0.0005367260077071284
0.7852561983471076	2.463951135990388	0.00021213863827090852	-1.2844345374292558	2.461899802048685	0.0009491498665763675	2.4629254690197557	0.000480645389929783
0.8292892561983471	2.45826498382206	0.00021494788126057585	-1.2844345374292558	2.444082559046066	0.0010084993567677238	2.451173771434072	0.0005088982371184651
0.8733223140495869	2.4544863632423417	0.0002211751838896417	-1.2844345374292558	2.4596595567954456	0.0009942367656041926	2.4570729600186483	0.00049773947635303
0.9173553719008266	2.4595337078105874	0.00022723271076630555	-1.2844345374292558	2.4638912920860068	0.0010268525363113677	2.4617124999484443	0.0005153383047859064
0.9613884297520663	2.466664838842144	0.00023861085996191341	-1.2844345374292558	2.47014375359185	0.001047867765692577	2.468404296216983	0.0005249609142661475
1.005421487603306	2.4825905731771196	0.00024889479349274026	-1.2844345374292558	2.477325320652126	0.0010199819048713832	2.479957946914709	0.0005115575427519179
1.0494545454545456	2.4974092042098976	0.00026434999081319325	-1.2844345374292558	2.4996582722106333	0.0010473373980907706	2.4985337382101918	0.0005261020910785162
#
# --- Optimal ---
R0_opt      = 0.8733223140495869
energy_b    = -1.2844345374292558
E_opt       = 2.4544863632423417
err_opt     = 0.0002211751838896417
