# Stage 2: R0 optimization sweep
# N=60, nr0sq=1.0, h=1.0, R_match=0.8349980438651612
# L=7.745966692414834, L/2=3.872983346207417
#
# --- Coarse sweep ---
# R0	E/N	Error	eps_b	E_drift/N	Error_drift	E_lap/N	Error_lap
0.0	2.8493380165729243	0.0007888275452974853	0.0	2.840229401060733	0.0067408431383985225	2.8447837088168284	0.003391833263672224
0.25819888974716115	2.8481625082254727	0.0007443168817522738	-0.06566151053994929	2.852714455905581	0.0072475497273925904	2.8504394842413996	0.0036405965253768265
0.5163977794943223	2.848456402936161	0.0007339522558886322	-0.06566151053994929	2.852225982648072	0.008313676802331112	2.8503411927921163	0.004179280765288299
0.7745966692414834	2.8432965121010483	0.0007280517081624296	-0.06566151053994929	2.8551384580718326	0.006809659900936382	2.8492179782263922	0.003405323043507155
1.0327955589886446	2.841137986464128	0.0007183442050584594	-0.06566151053994929	2.8363847237562507	0.007175529165565732	2.838801645319578	0.003936112088208133
1.2909944487358056	2.844684493321368	0.0007273004391534495	-0.06566151053994929	2.851424817249193	0.007524515039021635	2.8480546552852806	0.003759716536682866
1.5491933384829668	2.8474483297931283	0.0008182800055668561	-0.06566151053994929	2.8526485031362	0.0067851621330697436	2.8500496985190127	0.0033932577806732134
1.807392228230128	2.855855891024165	0.00080594890871227	-0.06566151053994929	2.84545620083792	0.006898770039327014	2.8506560459310433	0.003463407279847628
2.0655911179772892	2.8625298430814397	0.0008435178791372351	-0.06566151053994929	2.8698478467587436	0.007798502658611817	2.866188844920092	0.003925357812685868
2.32379000772445	2.866760594159838	0.0009710987493834923	-0.06566151053994929	2.859699779421272	0.007131560364373323	2.8632304375928235	0.003582380674123882
2.581988897471611	2.8716278493375254	0.0009041065377780169	-0.06566151053994929	2.86918678511176	0.007461627512588865	2.8704073172246427	0.0037565723674675383
2.840187787218772	2.8798846917360925	0.0010298780211095734	-0.06566151053994929	2.8686070689143373	0.007337725476912283	2.874245880325214	0.0037148720593909407
3.0983866769659336	2.8882228549215756	0.0011049176739581128	-0.06566151053994929	2.8899956967583944	0.007805631083589368	2.889109275839984	0.003972137278140505
3.356585566713095	2.8939389590395814	0.0011051268254484994	-0.06566151053994929	2.8971830169095507	0.008259141348918338	2.8955548054274347	0.004169108450055571
3.614784456460256	2.900348225235534	0.0011932722290073485	-0.06566151053994929	2.9112668571548093	0.007573242743061002	2.905807541195171	0.0038559236051558415
3.872983346207417	2.910562076512019	0.0012172832605837883	-0.06566151053994929	2.9068173911555375	0.007541431173451786	2.908694482649281	0.003828585221568357
#
# --- Fine sweep ---
# R0	E/N	Error	eps_b	E_drift/N	Error_drift	E_lap/N	Error_lap
0.7229568912920512	2.846343454618936	0.0007727353174862238	-0.06566151053994929	2.8362950267667135	0.006906193691045457	2.841319240692825	0.003476095804699773
0.7642687136515971	2.8426330782097264	0.000794494365945061	-0.06566151053994929	2.859894414131325	0.007214136800773097	2.8512637461705252	0.0036165446338829246
0.8055805360111428	2.8437096787988927	0.0007497746197917203	-0.06566151053994929	2.8438163011270885	0.007044284548066007	2.8437629899629906	0.003540172882120308
0.8468923583706887	2.8434094799337473	0.000725648986833097	-0.06566151053994929	2.846627706084151	0.006620106057933946	2.84501859300895	0.003315265842321925
0.8882041807302343	2.843473460020506	0.0007197485082138382	-0.06566151053994929	2.8380733934102325	0.007119345852761775	2.840771302852538	0.0035620356817504637
0.9295160030897802	2.8424059019868353	0.0007103212112716888	-0.06566151053994929	2.8363094979824712	0.0070344382774627226	2.839351011037722	0.003534196551443952
0.9708278254493259	2.842788498671435	0.0007174595565446338	-0.06566151053994929	2.842063472706306	0.006974987794892985	2.8424217858993472	0.0034955148701914882
1.0121396478088718	2.842849500841403	0.0007163809076012518	-0.06566151053994929	2.841066206492175	0.007117163526691595	2.8419588750434674	0.0035699558574853255
1.0534514701684174	2.8426370146131297	0.0007144099349636064	-0.06566151053994929	2.8467964317941132	0.00746779678523464	2.84471860605993	0.003752830734256777
1.0947632925279633	2.840854126170365	0.0007642600453110794	-0.06566151053994929	2.8380603890963	0.0073194638009236234	2.839457257633333	0.003657180582223324
1.1360751148875092	2.8417711969464503	0.0007133709751293306	-0.06566151053994929	2.8330250430918604	0.007566609741343683	2.8373943062685885	0.0037867242217649003
1.177386937247055	2.8425765349635572	0.0007217761587345776	-0.06566151053994929	2.8369993406509266	0.006561624997819878	2.8397879378072424	0.003291358077781949
1.2186987596066008	2.843057379516333	0.0007033760015261379	-0.06566151053994929	2.834849555093323	0.00657091246997861	2.838953467304828	0.003286123878933287
1.2600105819661465	2.8435407000322206	0.0007678751216135791	-0.06566151053994929	2.853249723501008	0.007091389552197434	2.848395211766614	0.003559033688701252
1.3013224043256921	2.8417885787954504	0.0007318923752464068	-0.06566151053994929	2.836335384259843	0.006831433578661557	2.839061981527647	0.0034169067787045274
1.342634226685238	2.8435622591513097	0.0007478835079460411	-0.06566151053994929	2.8387402346013983	0.006744509876395111	2.8411570691071204	0.0033736728737791834
#
# --- Optimal ---
R0_opt      = 1.0947632925279633
energy_b    = -0.06566151053994929
E_opt       = 2.840854126170365
err_opt     = 0.0007642600453110794
tail_opt    = 0.773733256689915
