# Stage 2: R0 optimization sweep
# N=60, nr0sq=1.0, h=1.2, R_match=0.8349980438651612
# L=7.745966692414834, L/2=3.872983346207417
#
# --- Coarse sweep ---
# R0	E/N	Error	eps_b	E_drift/N	Error_drift	E_lap/N	Error_lap
0.0	2.863887523202671	0.0007569079779388552	0.0	2.8589516860292874	0.007451613578543446	2.861419604615979	0.0037398285947193716
0.20384122874775878	2.8642187075622574	0.0006744599049041269	-0.04736829285119559	2.848563299401873	0.00658653382501108	2.8563910034820648	0.003302721919137116
0.40768245749551757	2.8631748138201245	0.0006898681597539195	-0.04736829285119559	2.860506298510392	0.0071507147606966704	2.861845479885982	0.0035793142627607685
0.6115236862432764	2.8636006603445665	0.000683099851493823	-0.04736829285119559	2.8707774804789383	0.0069115787509087786	2.8671894054995843	0.0034603137019277126
0.8153649149910351	2.861372066065139	0.0007052640605825721	-0.04736829285119559	2.8555968601319295	0.006805615369637665	2.8584844630985344	0.0034123577835021295
1.0192061437387938	2.8613159082933786	0.0006668883315267105	-0.04736829285119559	2.863523516054604	0.00709212566644006	2.862418090203989	0.0035577439195616776
1.2230473724865527	2.861420474363081	0.0007401740701536278	-0.04736829285119559	2.8463468665467806	0.007311720556685567	2.853883670454931	0.003660823438693362
1.4268886012343114	2.8618134529925325	0.0007391922822802018	-0.04736829285119559	2.851649917075539	0.007492889867047503	2.8567316850340356	0.003756209329119251
1.6307298299820703	2.864849696332412	0.0006934442425975821	-0.04736829285119559	2.8680848240083825	0.007284524453628494	2.8664659771547973	0.0036501394834782723
1.834571058729829	2.866039801723881	0.0007058560264049211	-0.04736829285119559	2.870238084038042	0.008503780012956456	2.8681360664209934	0.004269807675797341
2.0384122874775876	2.8698858924357795	0.0007722499100413248	-0.04736829285119559	2.8711980949130917	0.007620201619627356	2.8705419936744363	0.00383568693517088
2.2422535162253467	2.8724463789574717	0.000741185090500701	-0.04736829285119559	2.881026989326601	0.007321683138213839	2.876736684142036	0.003673040804596842
2.4460947449731054	2.874643399032865	0.0007573349646552822	-0.04736829285119559	2.8538815998204305	0.006807054532752165	2.864265008925689	0.0034227810150714044
2.6499359737208645	2.876705178273704	0.0008157623779356481	-0.04736829285119559	2.8793163019747667	0.007510746312433358	2.878010740124236	0.0037632852471600115
2.8537772024686228	2.879329428915618	0.0008530882354560973	-0.04736829285119559	2.891874213940328	0.007448999387456966	2.8856029119940323	0.0037442948024642136
3.057618431216382	2.8802463103191784	0.0008024314614540764	-0.04736829285119559	2.870007137952664	0.00691479941757164	2.8751259543248193	0.003478746323124909
3.2614596599641406	2.881640040141593	0.0009068052344871667	-0.04736829285119559	2.889113690885502	0.007264396696266775	2.8853768655135474	0.0036696445227160737
3.4653008887118997	2.88385119824327	0.0008840014849106611	-0.04736829285119559	2.892084605901485	0.00748082170802483	2.887967902072378	0.003773707325357273
3.669142117459658	2.889716283495149	0.0008738452965071993	-0.04736829285119559	2.890823773197177	0.007060860265308823	2.8902700283461633	0.003547435754605904
3.872983346207417	2.8910645197155165	0.0009496228041568568	-0.04736829285119559	2.8919002182850098	0.0073429218853293485	2.8914823690002636	0.0037102701903517017
#
# --- Fine sweep ---
# R0	E/N	Error	eps_b	E_drift/N	Error_drift	E_lap/N	Error_lap
0.7134443006171556	2.863223090273686	0.0007335629079438334	-0.04736829285119559	2.864774844985746	0.007121522884166152	2.8639989676297164	0.003579407048945179
0.7456297577878543	2.8625443087995723	0.0007212682681483709	-0.04736829285119559	2.8493699940900474	0.006799776980255334	2.85595715144481	0.0034184135199197773
0.7778152149585531	2.862213456110221	0.0006793653104339512	-0.04736829285119559	2.856394044645536	0.007154229800542584	2.859302277313247	0.003569515590704828
0.8100006721292519	2.863196162050769	0.0006774491840691876	-0.04736829285119559	2.8577374569071092	0.006408781849760685	2.860466809478939	0.003206728726942623
0.8421861292999506	2.8630817104087196	0.0007115445424384311	-0.04736829285119559	2.856316674393102	0.006935490157056926	2.8596991924009103	0.003485297460326522
0.8743715864706494	2.862764731247398	0.0007448868179247638	-0.04736829285119559	2.8546536156174454	0.007038915972463653	2.858709173432421	0.0035407729959744546
0.9065570436413481	2.8611173243016887	0.0006991792556709732	-0.04736829285119559	2.848039096969563	0.007017773513278052	2.854578210635626	0.003510531792087165
0.9387425008120469	2.861627037383707	0.0006595258569795202	-0.04736829285119559	2.8704090441075634	0.007488556453503307	2.8660180407456357	0.0037554368529158963
0.9709279579827457	2.862010135988254	0.0006659799053683788	-0.04736829285119559	2.867686666783257	0.007949086171174582	2.864846943217404	0.003981564520584294
1.0031134151534444	2.8615835776093217	0.0006664417623709624	-0.04736829285119559	2.8706919448832378	0.007346004837993809	2.8661367498947965	0.0036703957859514132
1.0352988723241432	2.8610555171676437	0.0007048240142874466	-0.04736829285119559	2.865881387841772	0.007099704126965127	2.863468452504709	0.0035590735711677735
1.067484329494842	2.8618128419641513	0.0006564197704633831	-0.04736829285119559	2.8576991718014857	0.008617461656804321	2.8597560068828183	0.00431712708274863
1.0996697866655407	2.861469190232759	0.0007014518347921712	-0.04736829285119559	2.8558956916661447	0.006890974014136607	2.85867729447598	0.0034460922568087644
1.1318552438362395	2.86298534114897	0.0006740261427021819	-0.04736829285119559	2.868247190435425	0.007778293838228169	2.8656135117619295	0.003897605021433525
1.1640407010069382	2.860553974952422	0.0007185799495171483	-0.04736829285119559	2.8600374614438246	0.006931515715844114	2.8602957181981234	0.003484731033386919
1.196226158177637	2.860279077978717	0.0006937643250317111	-0.04736829285119559	2.8606206302500086	0.0069461803373732514	2.860445338250418	0.0034816715979196656
1.2284116153483358	2.8610261225955136	0.0007100889545271981	-0.04736829285119559	2.8626246717500177	0.00721459438992259	2.8618247526365646	0.0036055233673038716
1.2605970725190345	2.860872245073452	0.0007205852893347461	-0.04736829285119559	2.855827851971518	0.007093361219003005	2.8583500485224844	0.0035537924280623413
1.292782529689733	2.8608402167655838	0.0006735285108632771	-0.04736829285119559	2.853387963089197	0.006482160665410516	2.857132690996202	0.0034146162606902867
1.324967986860432	2.862690621364	0.0007218967838193162	-0.04736829285119559	2.8535702953803423	0.006914917965775046	2.8581304583721705	0.0034664800035333443
#
# --- Optimal ---
R0_opt      = 1.196226158177637
energy_b    = -0.04736829285119559
E_opt       = 2.860279077978717
err_opt     = 0.0006937643250317111
tail_opt    = 0.7590526341108867
