# Stage 2: R0 optimization sweep
# N=60, nr0sq=1.0, h=0.5181818181818182, R_match=0.8349980438651612
# L=10.954451150103322, L/2=5.477225575051661
#
# --- Coarse sweep ---
# R0	E/N	Error	eps_b	E_drift/N	Error_drift	E_lap/N	Error_lap
0.2590909090909091	1.1429534966771224	0.0007437803100399554	-0.8600334098856094	1.1663187942929163	0.001690284002181721	1.1546361454850291	0.001063705798380359
0.5652892561983471	1.0585020405924925	0.0006049373940117963	-0.8600334098856094	1.057428610408837	0.001466336688723893	1.0579653255006751	0.0008905549087707558
0.8714876033057852	0.9121796792496865	0.0004483897253890529	-0.8600334098856094	0.9324141711644546	0.0022727683333157713	0.9222969252070862	0.0011833539221620172
1.177685950413223	0.8579672629682091	0.00043802205719431205	-0.8600334098856094	0.8746534814644046	0.0019022868199798744	0.8663103722163182	0.0009575755378657551
1.4838842975206612	0.9311006302733057	0.0005948313893067055	-0.8600334098856094	0.9354997789143932	0.002040752863395758	0.933300204593844	0.0010412700099789811
1.790082644628099	1.0990019508871478	0.0008216999848548749	-0.8600334098856094	1.1532673911936677	0.0022886995975013886	1.1261346710403657	0.0012311917620175597
2.0962809917355374	1.528012934668332	0.0012000377953025932	-0.8600334098856094	1.5659918700662017	0.0035583988818473937	1.5470024023672388	0.00195529825124942
2.402479338842975	5.2965463071583985	0.00390049654027975	-0.8600334098856094	5.3407705586918635	0.008731867202576645	5.318658432925017	0.005488068050128766
2.7086776859504136	19.02275259192756	0.0070118923755967295	-0.8600334098856094	18.879482728351196	0.014954197554543587	18.951117660139378	0.009376669141434526
3.0148760330578517	15.648304496047706	0.005112245259411819	-0.8600334098856094	15.7264830851374	0.015304354927624917	15.687393790592697	0.008583044883623799
3.3210743801652893	22.536318483363186	0.008613348652538459	-0.8600334098856094	22.31050508612575	0.017798628450555316	22.42341178474431	0.01139024905360577
3.6272727272727274	42.0379416088002	0.010264792569792363	-0.8600334098856094	41.44372519942636	0.025826762381691924	41.74083340411135	0.01543692151997701
#
# --- Fine sweep ---
# R0	E/N	Error	eps_b	E_drift/N	Error_drift	E_lap/N	Error_lap
0.8243801652892562	0.9275997592773081	0.0001431614651049305	-0.8600334098856094	0.9312957461187901	0.0005207021641444483	0.9294477526980915	0.0002793594230681854
0.888617580766341	0.9037580074262678	0.00013476194647418985	-0.8600334098856094	0.9110422057642561	0.0005606441950762088	0.9074001065953111	0.0002923739310403391
0.9528549962434258	0.8840539741812498	0.00013066874896961556	-0.8600334098856094	0.8876898211417916	0.0005361776392822462	0.885871897661405	0.0002780051198116968
1.017092411720511	0.8704358683021411	0.00012854143113499538	-0.8600334098856094	0.8696308880925393	0.0005764495213556357	0.8700333781973624	0.0002954007543520604
1.0813298271975957	0.8616358777967759	0.00013250410114645306	-0.8600334098856094	0.8743352526028934	0.0006210955775421372	0.8679855651998852	0.00031531808839809877
1.1455672426746806	0.8631550194748964	0.00013748402213322795	-0.8600334098856094	0.8739585725100253	0.0006070336087070388	0.8685567959923509	0.0003064001013494041
1.2098046581517656	0.8659499534330036	0.0001432314055570418	-0.8600334098856094	0.8699190963067743	0.0006056607230971613	0.8679345248698163	0.0003053015717040268
1.2740420736288505	0.8722364399997579	0.00015292926011706417	-0.8600334098856094	0.8886428694288964	0.0007417384458667418	0.8804396547142868	0.00037397361935298783
1.3382794891059353	0.8859662530691259	0.00016445356147306144	-0.8600334098856094	0.8888937539406437	0.000656128442744347	0.8874300035049133	0.00033328078470736135
1.4025169045830204	0.8987204496354104	0.00017350565203361695	-0.8600334098856094	0.906346011801167	0.000626727389019078	0.9025332307183805	0.00031916867590535614
1.4667543200601052	0.9228852791487192	0.00018425581244009957	-0.8600334098856094	0.919573544825025	0.0006556666404447088	0.9212294119868392	0.00033609423722454274
1.53099173553719	0.952072137175924	0.0001996951166276851	-0.8600334098856094	0.939352933674625	0.0007006163087013114	0.9457125354252562	0.0003627104422420066
#
# --- Optimal ---
R0_opt      = 1.0813298271975957
energy_b    = -0.8600334098856094
E_opt       = 0.8616358777967759
err_opt     = 0.00013250410114645306
