# Stage 2: R0 optimization sweep
# N=60, nr0sq=1.0, h=0.42, R_match=0.8349980438651612
# L=7.745966692414834, L/2=3.872983346207417
#
# --- Coarse sweep ---
# R0	E/N	Error	eps_b	E_drift/N	Error_drift	E_lap/N	Error_lap
0.21	2.7913893433565846	0.0015650330297386815	-2.508821043807068	2.7695575119937152	0.002890680720650505	2.7804734276752825	0.001975282083312059
0.45818181818181813	2.531846830622614	0.0012269969083797698	-2.508821043807068	2.5009256606313315	0.002908619448101339	2.516386245626975	0.0017489584858789988
0.7063636363636363	2.1566245592392272	0.0009173011122481088	-2.508821043807068	2.230724591019617	0.0037812752306937937	2.1936745751294575	0.0019399460134808344
0.9545454545454545	2.188293042311564	0.00112543098047913	-2.508821043807068	2.0799819991070536	0.0036099474909306443	2.1341375207093236	0.0018734610216009555
1.2027272727272726	2.566454034719505	0.0015514926612204957	-2.508821043807068	2.520648779776012	0.004273574887163562	2.5435514072478913	0.0022914266845809506
1.4509090909090907	3.468192891254923	0.0024478969907566267	-2.508821043807068	3.4496025241612416	0.0054374980485522246	3.4588977077081577	0.0031578624823165253
1.699090909090909	11.995853217614307	0.008847517625038402	-2.508821043807068	12.063729126175106	0.01555984787854509	12.02979117189467	0.010735185836001452
1.9472727272727273	26.48338739258255	0.010077364767469456	-2.508821043807068	26.747395767503505	0.02295900842176619	26.61539158004327	0.013947063396728073
2.1954545454545453	48.18791387824167	0.014682875007616527	-2.508821043807068	48.29020578550812	0.030963997555667862	48.23905983187497	0.01945969758785427
2.443636363636364	52.69858616143376	0.015153183974911172	-2.508821043807068	53.55492638774047	0.03743862611868162	53.12675627458741	0.02265663689425821
2.6918181818181814	94.91483195336447	0.02093102610060417	-2.508821043807068	93.91422433391698	0.05271014232729039	94.41452814363836	0.03145394836339286
2.94	272.1117908079818	0.05536647213930692	-2.508821043807068	271.85916014980273	0.11008821513686341	271.9854754788979	0.06960418832968272
#
# --- Fine sweep ---
# R0	E/N	Error	eps_b	E_drift/N	Error_drift	E_lap/N	Error_lap
0.49445454545454537	2.4630185033374103	0.00036766953357881405	-2.508821043807068	2.4435689487348	0.0009613288153999752	2.453293726036107	0.0005633147663509663
0.53298347107438	2.384553775637824	0.0003506330672292159	-2.508821043807068	2.400556570546099	0.0010325442253565293	2.3925551730918384	0.0005821030715477104
0.5715123966942148	2.3330373148154533	0.0003268409290523371	-2.508821043807068	2.3264092303947366	0.0010757560579064962	2.329723272604937	0.0005883186862607025
0.6100413223140495	2.2734803732629505	0.00031140535019350506	-2.508821043807068	2.2823194831019693	0.0010207669281079087	2.2778999281824404	0.000554460174959912
0.6485702479338842	2.224029401574269	0.0002971129327447254	-2.508821043807068	2.2503122087186336	0.001110008433367308	2.2371708051464325	0.0005839756592814498
0.6870991735537189	2.181894426859221	0.00028793938836211273	-2.508821043807068	2.1819287266307734	0.00108217481643317	2.18191157674491	0.000562395107089899
0.7256280991735536	2.154567585126262	0.0002876764556768649	-2.508821043807068	2.1473003820452936	0.0010609463199539703	2.150933983585873	0.0005464230364663387
0.7641570247933884	2.137516458135673	0.0002928042083566268	-2.508821043807068	2.1649570177477924	0.001107298596395281	2.1512367379416517	0.0005647103928270862
0.8026859504132231	2.1231926782486523	0.00029836976723789175	-2.508821043807068	2.0954754876522754	0.0010655189723361323	2.10933408295056	0.0005425066666845843
0.8412148760330578	2.126348617873012	0.00030726204842776173	-2.508821043807068	2.121355298898703	0.0011038140245328563	2.1238519583858757	0.000557511892430643
0.8797438016528926	2.1425488371229333	0.00032385178465891185	-2.508821043807068	2.1515427416831594	0.0011879766001854364	2.1470457894028367	0.0006002776007720276
0.9182727272727272	2.1563812355005205	0.0003418081339185689	-2.508821043807068	2.1173892128525944	0.0011772782822978647	2.136885224176528	0.0005960406367113896
#
# --- Optimal ---
R0_opt      = 0.8026859504132231
energy_b    = -2.508821043807068
E_opt       = 2.1231926782486523
err_opt     = 0.00029836976723789175
