# Stage 2: R0 optimization sweep
# N=60, nr0sq=1.0, h=1.1, R_match=0.8349980438651612
# L=7.745966692414834, L/2=3.872983346207417
#
# --- Coarse sweep ---
# R0	E/N	Error	eps_b	E_drift/N	Error_drift	E_lap/N	Error_lap
0.0	2.856833335657365	0.0007314473604099112	0.0	2.851007091979038	0.0070176118082320585	2.853923618428658	0.003537562964375313
0.20384122874775878	2.855747988557591	0.0006976540068161329	-0.054647450908751054	2.8492421195231374	0.006394141380021832	2.852495054040364	0.003202193559383285
0.40768245749551757	2.855674600454452	0.0007024644358097882	-0.054647450908751054	2.8585701224511437	0.007173221533255611	2.857123995655028	0.0035943197150022383
0.6115236862432764	2.8558030084995725	0.0006973822707437709	-0.054647450908751054	2.858038786633576	0.00808175715460386	2.8569208975665745	0.004054478170919994
0.8153649149910351	2.85478547771717	0.0007564474280035523	-0.054647450908751054	2.8512484469754407	0.007234380980109229	2.853016962346304	0.0036447338604213577
1.0192061437387938	2.8526752817904155	0.0007261277847030335	-0.054647450908751054	2.847615782759479	0.007085355621616518	2.8501455322749476	0.0035484906504871577
1.2230473724865527	2.851776728674136	0.000690926009649722	-0.054647450908751054	2.8634020722979745	0.007302828297885534	2.8575842363903883	0.003654952722502203
1.4268886012343114	2.852966417414877	0.0007083481083332514	-0.054647450908751054	2.8675089251171344	0.007436801011749368	2.8602404076074004	0.0037226819869252666
1.6307298299820703	2.8562601087683293	0.0007322376551554579	-0.054647450908751054	2.8555007664324505	0.007663658012787009	2.85588043760039	0.0038332844068536755
1.834571058729829	2.8600553110309215	0.0007741374669951607	-0.054647450908751054	2.8604711034604806	0.006878606904028176	2.8602631828101455	0.003451772919957121
2.0384122874775876	2.862778517135707	0.0007573475758211963	-0.054647450908751054	2.855250380737202	0.006976289372590807	2.8590129044447297	0.0035089930897113514
2.2422535162253467	2.866743710929389	0.0008886192555814728	-0.054647450908751054	2.863183523543291	0.0071427103190840795	2.86496361723634	0.0035975833091027427
2.4460947449731054	2.8716267032973954	0.0008204526035482201	-0.054647450908751054	2.8708217264335762	0.007247355232042994	2.87122445197637	0.003641933635281139
2.6499359737208645	2.8753058743452313	0.0008901089883910264	-0.054647450908751054	2.88031893029071	0.0072805164499575884	2.8778124023179705	0.003668711821031181
2.8537772024686228	2.877236104468204	0.0009254692250423644	-0.054647450908751054	2.874702856773231	0.007479083093631032	2.875969480620717	0.0037803582676908015
3.057618431216382	2.881548972148969	0.0009308546161072992	-0.054647450908751054	2.891915459378014	0.00791360505616314	2.886732215763492	0.003993491841060921
3.2614596599641406	2.883882828973485	0.0009587841928541211	-0.054647450908751054	2.8841493092578436	0.00834850612637301	2.8840160691156647	0.004206452633012146
3.4653008887118997	2.8855122030822713	0.0009444031847884944	-0.054647450908751054	2.879968109480028	0.007021672522005468	2.8827401562811494	0.0035535433131700417
3.669142117459658	2.8900849129369326	0.00099085536052843	-0.054647450908751054	2.8755686484456984	0.006828403584341168	2.882826780691315	0.003445347297671914
3.872983346207417	2.89362632957788	0.0010216020694856405	-0.054647450908751054	2.8670026611812163	0.006900270695140943	2.880314495379548	0.0035149400166023465
#
# --- Fine sweep ---
# R0	E/N	Error	eps_b	E_drift/N	Error_drift	E_lap/N	Error_lap
0.8561331607405869	2.8535764824139513	0.0006961473690558277	-0.054647450908751054	2.858006388559857	0.007145693957715498	2.855788970439211	0.00357815629117778
0.8947557093454254	2.854107444027657	0.0007272926726444251	-0.054647450908751054	2.8691751444222655	0.0070007225998502615	2.8616398995045698	0.0035184845207045998
0.9333782579502639	2.8528835463819644	0.0007315747678296551	-0.054647450908751054	2.8560220930052633	0.007091795939393786	2.854454174066438	0.0035600702369040713
0.9720008065551025	2.8522400662379903	0.000727202916495258	-0.054647450908751054	2.8490288790548015	0.006499669194832164	2.8506344726463966	0.003251212819012835
1.0106233551599408	2.852079710629266	0.0006878840616652837	-0.054647450908751054	2.8432704308410597	0.0071909725726245766	2.847678120911009	0.003596457585613613
1.0492459037647794	2.8525109786651996	0.000692271356464004	-0.054647450908751054	2.853515629094183	0.00736222265566662	2.853011341548379	0.0036899428543077013
1.087868452369618	2.8505695813812086	0.0007059540122747814	-0.054647450908751054	2.849240323482225	0.0065201241481430494	2.849892132628015	0.0034325923521171327
1.1264910009744564	2.851003996916963	0.0007193277439900345	-0.054647450908751054	2.8724828562269242	0.007716825180785413	2.8617435047086204	0.0038628453233525125
1.1651135495792948	2.851807995837669	0.0007503224707687487	-0.054647450908751054	2.8513597315770096	0.007459957079287581	2.8515838637073396	0.0037387887090730497
1.2037360981841334	2.8520225870457687	0.0007132278569377045	-0.054647450908751054	2.8523907743384314	0.007120109154192169	2.852180254968682	0.003737141080168832
1.242358646788972	2.8524181090090504	0.0007036136218409518	-0.054647450908751054	2.856534102812277	0.009101010014957505	2.8544708912025616	0.004560741494277747
1.2809811953938106	2.8529614675097763	0.0007035075916227134	-0.054647450908751054	2.8500560219715614	0.007343671584689063	2.851510198495403	0.0036815719720718937
1.319603743998649	2.8534604491592854	0.0007439415333158888	-0.054647450908751054	2.8618925855622743	0.00722363127143961	2.857676517360779	0.003613760487609697
1.3582262926034876	2.852823914593595	0.0007480156129044457	-0.054647450908751054	2.8589797703961675	0.007480565728111657	2.8559018424948817	0.003763945208693817
1.396848841208326	2.852914044598327	0.0007292317343897991	-0.054647450908751054	2.8578728474666204	0.0073324821186365975	2.8553934460324735	0.0036796256521852448
1.4354713898131646	2.8543466380940816	0.0007040944560510684	-0.054647450908751054	2.8538794324940326	0.0066799973325653815	2.854113035294057	0.0033360925273481184
1.474093938418003	2.854246951946526	0.0007107692954426345	-0.054647450908751054	2.838760815239486	0.006547619720287783	2.8465022363116783	0.0032734930623820185
1.5127164870228416	2.8547440332133287	0.0007567934345364052	-0.054647450908751054	2.8521369131110665	0.0067500042854973154	2.853437592888156	0.003364413007514293
1.55133903562768	2.855875880667712	0.0007461708655782963	-0.054647450908751054	2.868206212035325	0.007018581363113576	2.8620404146246576	0.003517133437740785
1.5899615842325185	2.8534568061574035	0.0007669415317462049	-0.054647450908751054	2.8586991056199484	0.006785556838315851	2.8560779558886766	0.0033968277435006454
#
# --- Optimal ---
R0_opt      = 1.087868452369618
energy_b    = -0.054647450908751054
E_opt       = 2.8505695813812086
err_opt     = 0.0007059540122747814
tail_opt    = 0.7666023165796915
