# Stage 2: R0 optimization sweep
# N=60, nr0sq=1.0, h=0.7, R_match=0.8349980438651612
# L=7.745966692414834, L/2=3.872983346207417
#
# --- Coarse sweep ---
# R0	E/N	Error	eps_b	E_drift/N	Error_drift	E_lap/N	Error_lap
0.0	2.8308499110228995	0.0013830180540942581	0.0	2.822288375781717	0.0069276830590929445	2.826569143402309	0.003612313223461805
0.20384122874775878	2.83133341237335	0.0013904022327339905	-0.19191747761920314	2.8436132598832975	0.007486575361031314	2.837473336128325	0.003871477051931841
0.40768245749551757	2.820720203518273	0.0013406932410680546	-0.19191747761920314	2.8161920434427516	0.006766920799233043	2.8184561234805128	0.0035143596137734456
0.6115236862432764	2.801608342193652	0.0011911882332761715	-0.19191747761920314	2.798140006952743	0.0071196811111243485	2.799874174573197	0.0036788478537523503
0.8153649149910351	2.779419792685018	0.0009701925866042553	-0.19191747761920314	2.78190214435691	0.007780785890648396	2.7806612651545612	0.003917140720356263
1.0192061437387938	2.7735637168495306	0.0010127658314505795	-0.19191747761920314	2.784053010702976	0.009737787639990317	2.7788106539133812	0.00487652200706483
1.2230473724865527	2.7825714293379966	0.001117572955037862	-0.19191747761920314	2.7890566795650775	0.007393343953841806	2.7858140544515364	0.003710646067791134
1.4268886012343114	2.8043319115488767	0.0011719766852260726	-0.19191747761920314	2.7993109531944826	0.007245372679754592	2.801818994128027	0.003639192591561394
1.6307298299820703	2.826467691012359	0.0014439849248871336	-0.19191747761920314	2.836582638978678	0.0077355045867833075	2.8315251649955187	0.00394536900740932
1.834571058729829	2.8594290587945657	0.0015263424770978783	-0.19191747761920314	2.867372138582952	0.008334258892738188	2.863400598688759	0.004249948510417676
2.0384122874775876	2.8868923340935577	0.001754629681461927	-0.19191747761920314	2.88664813504978	0.007971441524481334	2.886538211180151	0.004271075866350309
2.2422535162253467	2.9198930669198915	0.0018727305222055884	-0.19191747761920314	2.923247755806542	0.008559301687531008	2.921570411363216	0.004476151046321444
2.4460947449731054	2.950181614057654	0.0020366398327335213	-0.19191747761920314	2.9477006090016205	0.007840376626224265	2.948941111529637	0.004130139785308572
2.6499359737208645	3.001286654106441	0.0024308318153599315	-0.19191747761920314	2.986554478553838	0.00885016945970022	2.993915479476828	0.004706661382677122
2.8537772024686228	3.0476663579973056	0.0028710593849727377	-0.19191747761920314	3.053326726600055	0.00845984723957763	3.050505529302922	0.004634748486092559
3.057618431216382	3.1468925560420886	0.003994622630325575	-0.19191747761920314	3.158693536973305	0.013724160805543255	3.1528030900402255	0.007434927129592434
3.2614596599641406	3.3753535882734167	0.00894951589180471	-0.19191747761920314	3.3746354395103846	0.011833507697365511	3.3749928872543937	0.008482563006253547
3.4653008887118997	5.307463087600648	0.04950571362091644	-0.19191747761920314	5.305342572745563	0.05155267872388975	5.306402830173105	0.04988095168582916
3.669142117459658	16.399391359481296	0.06608318740778647	-0.19191747761920314	16.36888407228075	0.05574967170258638	16.384978517021057	0.06857167530693002
3.872983346207417	22.591840947903144	0.062180480617082694	-0.19191747761920314	22.572650864749754	0.060570370113716646	22.582245906326445	0.06437041275483844
#
# --- Fine sweep ---
# R0	E/N	Error	eps_b	E_drift/N	Error_drift	E_lap/N	Error_lap
0.7134443006171556	2.789245890247562	0.001107761747892396	-0.19191747761920314	2.799583439111287	0.0068480278856761926	2.7944130664571962	0.003484195347765144
0.7456297577878543	2.7851904095934183	0.0010381437778829543	-0.19191747761920314	2.7908575257539296	0.0075947424291810265	2.788027560420265	0.003869207446423573
0.7778152149585531	2.7820593152961277	0.0009952833497266103	-0.19191747761920314	2.785459734948811	0.007915553935933446	2.783758677122295	0.0039945682097017295
0.8100006721292519	2.779172871610478	0.0009880071273391904	-0.19191747761920314	2.784200118310307	0.008943304469030723	2.7816926874350907	0.004513819018470149
0.8421861292999506	2.7773048092840478	0.0009748886491835731	-0.19191747761920314	2.7767952335021353	0.007112706516604594	2.7770443371660374	0.003573131802781743
0.8743715864706494	2.7756529430449235	0.001016685339721609	-0.19191747761920314	2.782983640361581	0.0086732392421783	2.7793182917032535	0.00436000763778041
0.9065570436413481	2.773944760073708	0.0009576465581806247	-0.19191747761920314	2.7794861764969	0.007596855209893392	2.776717901795213	0.00381177987465329
0.9387425008120469	2.772778066769796	0.0010030974861701305	-0.19191747761920314	2.7826653249495865	0.00729403800395468	2.7777216958596913	0.0036578663518317288
0.9709279579827457	2.7729064045158127	0.0009587635423830947	-0.19191747761920314	2.7677242894677523	0.008075325519004427	2.77031071960717	0.004043852571620044
1.0031134151534444	2.7723316314034094	0.00100106203116387	-0.19191747761920314	2.7793884941612177	0.007243393651371783	2.7758600627823133	0.0036127591166642604
1.0352988723241432	2.7717686653905504	0.0010060105338164185	-0.19191747761920314	2.7703778348147656	0.008370816679080382	2.7710732501026585	0.004173464215681344
1.067484329494842	2.7729379180659257	0.0010483825619659686	-0.19191747761920314	2.7671220388971833	0.006930434181289077	2.7700299784815545	0.0034459071653821535
1.0996697866655407	2.7766362863275758	0.001043840022321256	-0.19191747761920314	2.7904314175240397	0.00780686881419239	2.7835338519258084	0.003899756500702152
1.1318552438362395	2.7775187008005613	0.0010047400284480994	-0.19191747761920314	2.7845545954090434	0.007398937274082657	2.781029546295727	0.0036899585417960257
1.1640407010069382	2.778069485240093	0.0010911391087376938	-0.19191747761920314	2.7794318422865505	0.007646024978198724	2.7787506637633212	0.00380859099221471
1.196226158177637	2.778897325409255	0.001083607362118162	-0.19191747761920314	2.7716384641185363	0.007056357669477547	2.77527710578874	0.0035165282064619
1.2284116153483358	2.7823440733401577	0.0011010646792705772	-0.19191747761920314	2.767571546989659	0.007442221368604932	2.7749578101649086	0.003711464435891479
1.2605970725190345	2.787369291100964	0.00108624731769476	-0.19191747761920314	2.7923115738698323	0.007740426947242299	2.7898382901028373	0.0038783857190501122
1.292782529689733	2.7894336849883206	0.0011282987541712008	-0.19191747761920314	2.781797752706383	0.007226029063775382	2.785615718847352	0.003622068257884117
1.324967986860432	2.7898630286603705	0.0011051102416720572	-0.19191747761920314	2.7849675149916586	0.007390525312614029	2.787397803563048	0.003520136667823305
#
# --- Optimal ---
R0_opt      = 1.0352988723241432
energy_b    = -0.19191747761920314
E_opt       = 2.7717686653905504
err_opt     = 0.0010060105338164185
tail_opt    = 0.7920640835924322
