# Stage 2: R0 optimization sweep
# N=60, nr0sq=1.0, h=0.55, R_match=0.8349980438651612
# L=7.745966692414834, L/2=3.872983346207417
#
# --- Coarse sweep ---
# R0	E/N	Error	eps_b	E_drift/N	Error_drift	E_lap/N	Error_lap
0.275	2.8191742467119423	0.0007901581724503675	-0.6259666431914328	2.8394984157485137	0.002941092505207285	2.8293363312301465	0.001617167950566141
0.6000000000000001	2.7031685587160847	0.0006093403996599022	-0.6259666431914328	2.7221965540448663	0.0025787958954235466	2.7126825563803854	0.0013647769557404174
0.925	2.6319993201174814	0.0005177905454572387	-0.6259666431914328	2.615454004214928	0.002580498710899573	2.6237266621662143	0.0012880254134107968
1.25	2.690580880235314	0.0006784136973582437	-0.6259666431914328	2.7183103440261864	0.003219952573690986	2.7044456121307636	0.0016250215477639533
1.5750000000000002	2.8544550309789747	0.0008962975418410767	-0.6259666431914328	2.8021031054765175	0.0036789420095261235	2.8282790682278067	0.0019048331680301413
1.9000000000000001	3.074656909043586	0.001107490222885855	-0.6259666431914328	3.1213675263293825	0.0038693662273176065	3.0980122176865708	0.0020457512591023244
2.225	3.5565002464938513	0.0014403211669534103	-0.6259666431914328	3.5766818026720837	0.004797499140828438	3.5665910245829275	0.0026299804553318864
2.5500000000000003	11.525653936925313	0.00961036818764782	-0.6259666431914328	11.616184499607481	0.014618143369979037	11.570919218266296	0.011089649401223
2.8750000000000004	66.6041360237657	0.033009269747866284	-0.6259666431914328	66.47829094812307	0.046963685852187284	66.541213485947	0.0372081331938782
3.2000000000000006	87.32047307254336	0.017343407385927226	-0.6259666431914328	87.48992312424814	0.04283663797179461	87.40519809839618	0.025909011016082218
3.5250000000000004	93.8573259299038	0.019402130491420012	-0.6259666431914328	94.0979483188569	0.04692809206534528	93.97763712438187	0.028443046391216035
3.8500000000000005	97.53456761761433	0.017100797791591644	-0.6259666431914328	97.23860977846059	0.04659740218719861	97.38658869803889	0.027115280750540944
#
# --- Fine sweep ---
# R0	E/N	Error	eps_b	E_drift/N	Error_drift	E_lap/N	Error_lap
0.6475	2.685719421575989	0.00033566643116643473	-0.6259666431914328	2.6766816804262032	0.0014816727548121356	2.6812005510010466	0.0007720580257692381
0.6979545454545455	2.668210194983862	0.0003148799200358724	-0.6259666431914328	2.667683254749164	0.001661228792222875	2.667946724866389	0.0008504999635898636
0.7484090909090908	2.649430960624565	0.00030390146054328095	-0.6259666431914328	2.645050446416587	0.0016954997487199184	2.647240703520466	0.0008616782578724487
0.7988636363636363	2.6447299409470943	0.0002974146610345664	-0.6259666431914328	2.633185823220646	0.0015010359799987572	2.638957882083944	0.0007646385272084822
0.8493181818181819	2.631857564511584	0.0002968541119278992	-0.6259666431914328	2.6209436407486635	0.001573728810521736	2.626400602630034	0.0007881898585326997
0.8997727272727273	2.631279402582387	0.0003025467583019085	-0.6259666431914328	2.623680419887596	0.0015774682534146353	2.6274799112351164	0.0007895806859980892
0.9502272727272727	2.624916908095644	0.0003013212041824697	-0.6259666431914328	2.648441169768839	0.0017022650842170141	2.6366790389321517	0.000846431783081679
1.0006818181818182	2.6372120257653484	0.0003250576467740833	-0.6259666431914328	2.657289889419365	0.0018172314708092957	2.647250957592317	0.0009092106633501085
1.0511363636363638	2.644466629733945	0.0003245981361141069	-0.6259666431914328	2.617130505280731	0.0016678671972573068	2.630798567507281	0.000834012235822436
1.1015909090909093	2.651961662260605	0.00034475311908613293	-0.6259666431914328	2.6646570837000656	0.001753268739957564	2.6583093729803267	0.0008764835803942167
1.1520454545454546	2.6669276403658304	0.0003684417576375115	-0.6259666431914328	2.6644959087906113	0.0018254639145264494	2.665711774578258	0.000918922404455002
1.2025000000000001	2.684020305051427	0.00037710860668532955	-0.6259666431914328	2.6991851609154978	0.0017103996987685485	2.691602732983672	0.0008576336115882168
#
# --- Optimal ---
R0_opt      = 0.9502272727272727
energy_b    = -0.6259666431914328
E_opt       = 2.624916908095644
err_opt     = 0.0003013212041824697
