# Stage 2: R0 optimization sweep
# N=60, nr0sq=1.0, h=0.8, R_match=0.8349980438651612
# L=7.745966692414834, L/2=3.872983346207417
#
# --- Coarse sweep ---
# R0	E/N	Error	eps_b	E_drift/N	Error_drift	E_lap/N	Error_lap
0.0	2.836523756891144	0.0010724069973744902	0.0	2.8487895816560918	0.0068339465376290424	2.842660923368564	0.0036641363748808734
0.25819888974716115	2.83377175348639	0.0010291684143247414	-0.11755217602172766	2.834994927816838	0.006932003726496689	2.834383340651614	0.00353170843623888
0.5163977794943223	2.8278863006111647	0.001054848874835104	-0.11755217602172766	2.8329122990851014	0.007177008935620484	2.8303992998481338	0.0036568007320127165
0.7745966692414834	2.8138117906795874	0.0008689714369476654	-0.11755217602172766	2.817915897713945	0.007055322008596162	2.815867003089894	0.0035487721159728532
1.0327955589886446	2.80771092752022	0.0008329739051429862	-0.11755217602172766	2.8103358758402246	0.006766378372807159	2.8090188995520418	0.0033864791841242605
1.2909944487358056	2.813746365189571	0.0009437829315363887	-0.11755217602172766	2.8002096712003217	0.007156917577974927	2.806978018194946	0.0035953115231861102
1.5491933384829668	2.827486631113824	0.0009913997537099096	-0.11755217602172766	2.8376680294208114	0.00749681898332672	2.8325773302673176	0.0037515009024901005
1.807392228230128	2.8492268669081615	0.0010700548749160426	-0.11755217602172766	2.8449602961925327	0.0073830470495558015	2.84709324313612	0.003721854508080131
2.0655911179772892	2.865665935158313	0.0012624064195598992	-0.11755217602172766	2.8668165732028132	0.007471960492011745	2.866241254180563	0.0037937497179958038
2.32379000772445	2.885300195419206	0.001442058400368329	-0.11755217602172766	2.8826397824035346	0.007962430997306499	2.8839699889113697	0.004087171488825064
2.581988897471611	2.901661026663083	0.001482042362863885	-0.11755217602172766	2.9227972996822973	0.00767564773321716	2.9122291631726904	0.00397536214990307
2.840187787218772	2.9257421434934034	0.001642676869844052	-0.11755217602172766	2.9289609330837534	0.008002360994839587	2.927364019004308	0.004126265907560793
3.0983866769659336	2.9472171184999705	0.001888031632829344	-0.11755217602172766	2.9301453329155582	0.007735438591617546	2.938684253367651	0.004058728159203185
3.356585566713095	2.9895291312068277	0.002146680716584167	-0.11755217602172766	2.973403932628565	0.00799773909197394	2.981467524188137	0.004284123328280748
3.614784456460256	3.0522859274985334	0.0031066655289480358	-0.11755217602172766	3.0511717021187845	0.008578558688388464	3.051727755258095	0.004740111923680782
3.872983346207417	3.207788112571168	0.008119165963332415	-0.11755217602172766	3.1985849438064125	0.010303296874298198	3.203222833289746	0.007451834715491417
#
# --- Fine sweep ---
# R0	E/N	Error	eps_b	E_drift/N	Error_drift	E_lap/N	Error_lap
0.7229568912920512	2.8186481052409897	0.0008921350946187866	-0.11755217602172766	2.8156529290264403	0.006802565648192451	2.817148200354955	0.003429956790310863
0.7642687136515971	2.8156282382297184	0.0009168495918283192	-0.11755217602172766	2.8212085555724857	0.0071096895012563764	2.8184183969011025	0.003576272592325532
0.8055805360111428	2.8134808870764396	0.0008511433911602384	-0.11755217602172766	2.819789621214776	0.007220935237783394	2.816634622796344	0.0036339930110525203
0.8468923583706887	2.8130866259908682	0.000887049187594501	-0.11755217602172766	2.8096277044814357	0.007825876359616176	2.811357165236152	0.00391997556610955
0.8882041807302343	2.8091262088765308	0.0008795216259974561	-0.11755217602172766	2.8235325892818093	0.007559852820172066	2.8163293990791707	0.0038031568713600963
0.9295160030897802	2.8118997865281643	0.0008653185624304626	-0.11755217602172766	2.7978837381078208	0.006677543273975784	2.8048890259392483	0.0033428318266898846
0.9708278254493259	2.8090834821478547	0.0008914087709455535	-0.11755217602172766	2.8090244445907433	0.007073347625942994	2.8090539633693	0.0035550661037801845
1.0121396478088718	2.8087219699891763	0.0008922307766704548	-0.11755217602172766	2.809019563495177	0.007920233370973731	2.808870766742177	0.003960962181946161
1.0534514701684174	2.8091690567101018	0.000823076398834546	-0.11755217602172766	2.80198178734431	0.0071985112585100245	2.8055651874065353	0.0036092293207097797
1.0947632925279633	2.80895530567621	0.0008361251103331262	-0.11755217602172766	2.7957735873131027	0.006651527137278774	2.8023665516664757	0.0033115714460146563
1.1360751148875092	2.8100843946663416	0.0008468992691166951	-0.11755217602172766	2.8213975757345864	0.00783537944524087	2.815738685917852	0.003914658535863562
1.177386937247055	2.8093913275235436	0.0009188509457483627	-0.11755217602172766	2.812380803919404	0.006714965280436023	2.8108881917125057	0.003357266862540263
1.2186987596066008	2.811064633952467	0.0008660132230622158	-0.11755217602172766	2.8110604684382485	0.007066574441167715	2.8110625511953575	0.0035321090165592113
1.2600105819661465	2.8142755659415224	0.0009043312113245459	-0.11755217602172766	2.8168968669793086	0.007087589071930367	2.815591840489627	0.00355100051149186
1.3013224043256921	2.816479588849819	0.0008861262258674041	-0.11755217602172766	2.8181314716536066	0.007133580159072822	2.8173055302517134	0.0035625730695065094
1.342634226685238	2.8168695300130318	0.0009665486588969518	-0.11755217602172766	2.819205378390333	0.00750263189174669	2.8180374542016824	0.0037414776820486025
#
# --- Optimal ---
R0_opt      = 1.0121396478088718
energy_b    = -0.11755217602172766
E_opt       = 2.8087219699891763
err_opt     = 0.0008922307766704548
tail_opt    = 0.7865173724852568
