# Stage 2: R0 optimization sweep
# N=60, nr0sq=1.0, h=0.5, R_match=0.8349980438651612
# L=7.745966692414834, L/2=3.872983346207417
#
# --- Coarse sweep ---
# R0	E/N	Error	eps_b	E_drift/N	Error_drift	E_lap/N	Error_lap
0.0	2.8205557163202832	0.003156709975824868	0.0	2.8227503530749756	0.007714319927490912	2.82165303469763	0.004678030737211584
0.25819888974716115	2.8123246811561176	0.0032175912193882473	-1.0384814350109175	2.8214901740759686	0.008006214604266789	2.816907427616043	0.00485964776883294
0.5163977794943223	2.6762002616530713	0.002386571129080922	-1.0384814350109175	2.6757542727649546	0.008047402325996387	2.6759772672090127	0.00448058145155633
0.7745966692414834	2.5342935318223008	0.0017820895887552069	-1.0384814350109175	2.524717169100842	0.00847427592980133	2.529505350461571	0.004333473680551184
1.0327955589886446	2.5400163255844306	0.002119962555605643	-1.0384814350109175	2.540376478735263	0.009126225260221188	2.540196402159847	0.004595281198581333
1.2909944487358056	2.682005275075116	0.00296859727216222	-1.0384814350109175	2.6793928558007347	0.01004923224409893	2.6806990654379264	0.005234283644522638
1.5491933384829668	2.916612841785338	0.004147414388257679	-1.0384814350109175	2.9076815696860976	0.01067209382815765	2.9121681346637995	0.005840254459153746
1.807392228230128	3.3254809656739965	0.006794421221629673	-1.0384814350109175	3.3097981385373867	0.013736243802679925	3.3176395521056916	0.008450973222564547
2.0655911179772892	4.515558212035218	0.02116213989917189	-1.0384814350109175	4.545613403939157	0.020640429697965822	4.530650939860024	0.01701133541875113
2.32379000772445	36.15158131396593	0.2699627076824539	-1.0384814350109175	36.15415401369182	0.27601123907452213	36.15286766382888	0.268784616720716
2.581988897471611	41.692018732319234	0.06556657038607312	-1.0384814350109175	41.807605483569056	0.09333816455211831	41.7504456141265	0.0695159628546946
2.840187787218772	63.42851373511671	0.08775424112739079	-1.0384814350109175	63.404650947643596	0.14119891417846508	63.417181323499946	0.0982925018628164
3.0983866769659336	136.72766635947755	0.30122460849566135	-1.0384814350109175	136.84624545485107	0.26959470632006255	136.7869559071643	0.3119380206809873
3.356585566713095	141.67338089876108	0.13794371045640075	-1.0384814350109175	141.47489521408878	0.24302868449292392	141.57570255562192	0.16621485842887418
3.614784456460256	143.76962690957927	0.13536038446510462	-1.0384814350109175	143.93687635697745	0.24658873926125682	143.852585892163	0.15943657542197145
3.872983346207417	145.24450276904278	0.13703382803196626	-1.0384814350109175	145.02167940302238	0.2384954249581278	145.13120137734924	0.16213932123536579
#
# --- Fine sweep ---
# R0	E/N	Error	eps_b	E_drift/N	Error_drift	E_lap/N	Error_lap
0.5422176684690383	2.6539909708072242	0.002388919650285436	-1.0384814350109175	2.6519776327967883	0.008177933227377735	2.652984301802006	0.0045166302398596
0.5732015352386977	2.6341178824351257	0.002171628806099077	-1.0384814350109175	2.6088832408107048	0.008733334099316354	2.6215005616229154	0.004709066980683623
0.604185402008357	2.615662617785459	0.002118315349840514	-1.0384814350109175	2.614878817920136	0.008907665284994513	2.615279110708782	0.0046879690380698625
0.6351692687780164	2.598139684119441	0.0020244970566372436	-1.0384814350109175	2.5915906281501977	0.00832573155968155	2.5948651561348184	0.004403111411370874
0.6661531355476757	2.5749901971902904	0.0019637927326273032	-1.0384814350109175	2.5927087031304326	0.0086336715362252	2.5838494501603617	0.004546724011083511
0.6971370023173351	2.5580290781569497	0.0018927256062216504	-1.0384814350109175	2.5630002924274655	0.008433261144657304	2.5605146852922074	0.004392234484482013
0.7281208690869945	2.5462810182193842	0.0018040580683633281	-1.0384814350109175	2.543925971288111	0.008480863111139754	2.545103494753748	0.004384178994168194
0.7591047358566537	2.5373629284415395	0.0017130015775546246	-1.0384814350109175	2.558117921095737	0.00861187911973459	2.5477408108567174	0.004432754888258774
0.7900886026263132	2.5298201925495687	0.0017769229416972384	-1.0384814350109175	2.537987624265081	0.008718120378769421	2.533903908407325	0.004403675836328887
0.8210724693959724	2.523496392956509	0.0016497808082113004	-1.0384814350109175	2.518977977567404	0.008462012994887308	2.521251732173164	0.004297672376709266
0.8520563361656318	2.5172828180094884	0.0017732205311839096	-1.0384814350109175	2.5106410347878167	0.008903922209127665	2.513961926398652	0.004490401923857464
0.8830402029352911	2.518899999552965	0.0018028521086474246	-1.0384814350109175	2.5135186930086126	0.008957384065388957	2.516209346280789	0.0045057510076756905
0.9140240697049505	2.5196225693004117	0.0018591280624235239	-1.0384814350109175	2.538065346451103	0.00990302812725176	2.528836679174692	0.004956680521166501
0.9450079364746098	2.520702157125564	0.001925678922663672	-1.0384814350109175	2.5258088015719347	0.00921145729069353	2.5232554793487494	0.004634427708886158
0.9759918032442692	2.5281432921011655	0.001934799066144855	-1.0384814350109175	2.52519705022698	0.008859154227838046	2.526670171164073	0.0044233317735037124
1.0069756700139285	2.5342654887838805	0.0020245972110011718	-1.0384814350109175	2.5574379941558534	0.010355681913149303	2.545857304257899	0.005159681714878708
#
# --- Optimal ---
R0_opt      = 0.8520563361656318
energy_b    = -1.0384814350109175
E_opt       = 2.5172828180094884
err_opt     = 0.0017732205311839096
tail_opt    = 0.8012234951898966
