# Stage 2: R0 optimization sweep
# N=60, nr0sq=1.0, h=1.3, R_match=0.8349980438651612
# L=7.745966692414834, L/2=3.872983346207417
#
# --- Coarse sweep ---
# R0	E/N	Error	eps_b	E_drift/N	Error_drift	E_lap/N	Error_lap
0.0	2.8724926687889822	0.0006939495705828324	0.0	2.8862489090842134	0.007070991895569616	2.879370788936598	0.003549479871010136
0.20384122874775878	2.8720307316779	0.0006697843414131442	-0.042231008214406576	2.9003176442056757	0.007761570343259497	2.886171378699041	0.003883656643516913
0.40768245749551757	2.8708722148085113	0.00067393577901312	-0.042231008214406576	2.8757952869857006	0.006821482912082487	2.8733337508971055	0.003424586895161295
0.6115236862432764	2.872101429268943	0.0006688437820946326	-0.042231008214406576	2.8820541516878295	0.007507524947845108	2.877078066393939	0.003763550223459103
0.8153649149910351	2.870792095780263	0.0006581965981942718	-0.042231008214406576	2.8640986601124303	0.006814469124013159	2.867373699691962	0.0035290173918566454
1.0192061437387938	2.871382644187397	0.0006624408878623799	-0.042231008214406576	2.868530977990598	0.007422889352224058	2.8699542650664522	0.003708070924612473
1.2230473724865527	2.871373285958872	0.0007168988850891998	-0.042231008214406576	2.867678559395226	0.007957428143899077	2.8695259226770484	0.0040020078220137445
1.4268886012343114	2.8693968931939873	0.000711994759778818	-0.042231008214406576	2.871881293282244	0.006743145863560596	2.8706408553492424	0.0033754960812395355
1.6307298299820703	2.8729799081906373	0.0007539338219061445	-0.042231008214406576	2.8683362184345578	0.006949653148637371	2.870658063312597	0.0034800239671751725
1.834571058729829	2.87458083857363	0.00068319788678821	-0.042231008214406576	2.8755860107629565	0.007136785335925082	2.8750855062582423	0.003578334034667396
2.0384122874775876	2.8734601473238985	0.0007096352037425492	-0.042231008214406576	2.870873891072701	0.006718944562445797	2.8721646585186105	0.0033598815395633978
2.2422535162253467	2.877310687819694	0.0007740658481682302	-0.042231008214406576	2.8958589801628745	0.00780931591284609	2.886584833991285	0.003911380499779089
2.4460947449731054	2.878958265485879	0.0007836572489638492	-0.042231008214406576	2.87548839060253	0.007046338794000695	2.8772233280442046	0.0035385995025133577
2.6499359737208645	2.8801654736762843	0.0007537996767240522	-0.042231008214406576	2.8831606197373816	0.006757244987257035	2.881646621007279	0.003520402490868832
2.8537772024686228	2.882555647456714	0.000734217846135513	-0.042231008214406576	2.8976255144173377	0.007808545908766462	2.8900905809370254	0.003919778333842485
3.057618431216382	2.885190545138646	0.0007466692558249731	-0.042231008214406576	2.8955662599989735	0.007207261147005785	2.8903803219605373	0.0036183992585598567
3.2614596599641406	2.884616686255776	0.0008522335685020697	-0.042231008214406576	2.894356021082516	0.007468132838175609	2.889486353669146	0.003768929547186278
3.4653008887118997	2.8877861294464386	0.0008364933785055746	-0.042231008214406576	2.883535009689719	0.007163002804755209	2.885660569568079	0.003614150590758993
3.669142117459658	2.8898421156541945	0.0008350447863047853	-0.042231008214406576	2.889492280956762	0.007171384899021651	2.8896671983054767	0.0036141868119332235
3.872983346207417	2.8902909391161162	0.0008799007485413945	-0.042231008214406576	2.892753647460999	0.007213422057912605	2.8915222932885576	0.0036208619954851274
#
# --- Fine sweep ---
# R0	E/N	Error	eps_b	E_drift/N	Error_drift	E_lap/N	Error_lap
0.998822020864018	2.8704906540718462	0.0006494830034187218	-0.042231008214406576	2.8744618397834896	0.007113173864617918	2.8724744711443075	0.0035629831249674193
1.0438816609029964	2.8713647588616564	0.0007110676121184705	-0.042231008214406576	2.8759295236835474	0.007216569337954286	2.8736471412726017	0.0036194421405124793
1.0889413009419744	2.8702891678047036	0.0006707310906627461	-0.042231008214406576	2.865026129924891	0.007023321155390555	2.8676595296517973	0.003518678902357496
1.1340009409809526	2.869742809661189	0.0006528716857778729	-0.042231008214406576	2.8684348892889315	0.007302451136450912	2.869085313104361	0.003664286176738328
1.179060581019931	2.8699535300119243	0.0007165067511793473	-0.042231008214406576	2.8670776385525105	0.0072638721496535545	2.868515584282217	0.003645363975755743
1.2241202210589093	2.8693533029279896	0.0006559887708116278	-0.042231008214406576	2.866838629224074	0.007331864349976704	2.8680960416844425	0.003658495483520751
1.2691798610978875	2.8706804183934778	0.0006565028946475931	-0.042231008214406576	2.8725310384906586	0.007190933670139342	2.8716034830002766	0.0035986250159992903
1.3142395011368657	2.8702790740629216	0.000654801109756582	-0.042231008214406576	2.863603573624012	0.0071642188773927435	2.8669376184168085	0.0035786980412583283
1.359299141175844	2.869974212481185	0.0006706115035658868	-0.042231008214406576	2.876690974558705	0.007398725735799248	2.8733340545833	0.0037028785367349414
1.4043587812148224	2.8706666583413405	0.0006834022031828226	-0.042231008214406576	2.8793290237405174	0.007159859991972536	2.874997841040929	0.003584029021045969
1.4494184212538006	2.8705601655369084	0.0007108578816739206	-0.042231008214406576	2.873161443045435	0.006849363901933376	2.871860804291171	0.003434938349221388
1.4944780612927788	2.8718511328017375	0.0006733681672935517	-0.042231008214406576	2.8732239794949863	0.007646427247832118	2.8725380505638394	0.0038297675346708627
1.539537701331757	2.8716210279551615	0.0007222354631738044	-0.042231008214406576	2.8513531469560167	0.0068512519567056175	2.861487087455589	0.0034427448276746417
1.5845973413707353	2.872133463809878	0.0006756615907970206	-0.042231008214406576	2.874295715488739	0.007130015141519542	2.8732168803769667	0.0035792323551843627
1.6296569814097135	2.8712225232934987	0.0007079093357771231	-0.042231008214406576	2.8707270672279837	0.0065639528673632035	2.870976547597706	0.003290240775417165
1.6747166214486917	2.8715942336810754	0.0006738230819773643	-0.042231008214406576	2.869820221126793	0.007187573647041711	2.870704943939086	0.003596959875867255
1.71977626148767	2.8742398347644045	0.000679687686052098	-0.042231008214406576	2.8815711467386302	0.006988362182393977	2.877905490751517	0.0035041910886874574
1.7648359015266484	2.872750239036299	0.0006765215681756471	-0.042231008214406576	2.8685551500602844	0.007042607014262155	2.870650202119859	0.0035262906205067793
1.8098955415656264	2.873475687179272	0.0006732564179818815	-0.042231008214406576	2.8659013646173817	0.006857698592368496	2.8696885258983267	0.003439463155833486
1.8549551816046048	2.874116446931711	0.0007287180220074471	-0.042231008214406576	2.8650160813763077	0.007332637393761943	2.86956626415401	0.003683275866330779
#
# --- Optimal ---
R0_opt      = 1.2241202210589093
energy_b    = -0.042231008214406576
E_opt       = 2.8693533029279896
err_opt     = 0.0006559887708116278
tail_opt    = 0.7511403865221039
