# Stage 2: R0 optimization sweep
# N=60, nr0sq=1.0, h=1.08, R_match=0.8349980438651612
# L=7.745966692414834, L/2=3.872983346207417
#
# --- Coarse sweep ---
# R0	E/N	Error	eps_b	E_drift/N	Error_drift	E_lap/N	Error_lap
0.54	2.8556619676074613	0.0002702943957307817	-0.05647896553214096	2.808463360988787	0.0025994998812913337	2.8320626642981255	0.0013075641917243029
0.8429984860188561	2.8520717253425696	0.00026403510050682934	-0.05647896553214096	2.8275389114460627	0.0025358689009175543	2.8398053183942995	0.0012687454484347003
1.1459969720377121	2.8452119566825798	0.0002715274338208898	-0.05647896553214096	2.83320970229873	0.0023313432960978845	2.8392108294906255	0.0011587090893291608
1.4489954580565683	2.8551639107376476	0.0002838632435201282	-0.05647896553214096	2.868198007692398	0.0030199102780011605	2.86168095921498	0.0015117433024006695
1.7519939440754242	2.856199688683133	0.00028946738979460904	-0.05647896553214096	2.8630731818670276	0.0024522962579672522	2.859636435275016	0.0012301737898662319
2.0549924300942806	2.862649745550613	0.00030137715494426583	-0.05647896553214096	2.85884959554688	0.002740294771846127	2.8607496705486666	0.0013732896910402304
2.3579909161131365	2.8651117810882254	0.0003105688150728696	-0.05647896553214096	2.878107143226517	0.0026892113975910776	2.871609462157369	0.001342130487956386
2.6609894021319924	2.8705750479726877	0.00032518009833295067	-0.05647896553214096	2.831343245536318	0.0023289386184197976	2.8509591467544864	0.001169310206034125
2.963987888150849	2.8820480282686964	0.0003338424382881774	-0.05647896553214096	2.9470245328418687	0.003229402226744618	2.9145362805552533	0.0016185596298035696
3.266986374169705	2.8826999618734424	0.00032549591765451826	-0.05647896553214096	2.868556891709849	0.002795077552722831	2.8756284267915584	0.0014004820357312576
3.569984860188561	2.8918394145678223	0.00033684698702048945	-0.05647896553214096	2.9210521894514283	0.0027502921534115488	2.9064458020096495	0.0013808264977941964
3.872983346207417	2.898525250033181	0.00035613041539923445	-0.05647896553214096	2.927070519409182	0.002680507154339554	2.9127978847212197	0.001351120219299022
#
# --- Fine sweep ---
# R0	E/N	Error	eps_b	E_drift/N	Error_drift	E_lap/N	Error_lap
0.8021978804263984	2.851478518111033	8.514233069357266e-5	-0.05647896553214096	2.8559517174648623	0.0008720917026732803	2.8537151177880893	0.0004377564531003825
0.86470680617391	2.8514238463895842	8.527975227402517e-5	-0.05647896553214096	2.846928212691783	0.0008095148344450835	2.84917602954088	0.0004055009548736796
0.9272157319214215	2.85113531031426	8.507509092470404e-5	-0.05647896553214096	2.851783422140247	0.0008653175463177547	2.8514593662273175	0.00043301225592603295
0.9897246576689331	2.849850768891953	8.492645727794459e-5	-0.05647896553214096	2.839390760965826	0.0008026425981132732	2.844620764928839	0.0004018879006515772
1.0522335834164447	2.849373210707522	8.57320744058454e-5	-0.05647896553214096	2.846890792709717	0.000822721169493544	2.848132001708572	0.00041085361824140835
1.1147425091639562	2.849366814989829	8.525802506225712e-5	-0.05647896553214096	2.8500698489413545	0.0008055026810598725	2.849718331965968	0.0004035395221053801
1.1772514349114678	2.8501690331306375	8.57912146705364e-5	-0.05647896553214096	2.8573032541547736	0.0008515843004900508	2.853736143642465	0.00042630915026340153
1.2397603606589795	2.8517033929680307	8.49041752511383e-5	-0.05647896553214096	2.8497258713140163	0.0008644409030838935	2.8507146321408343	0.00043269857109876086
1.302269286406491	2.8506802992816533	8.575221456763117e-5	-0.05647896553214096	2.854228227252954	0.0008714622387567308	2.8524542632673415	0.00043600615500737885
1.3647782121540026	2.85140199277121	8.700779699612089e-5	-0.05647896553214096	2.859894548755848	0.0008568147597941839	2.8556482707633553	0.0004288421968808404
1.4272871379015142	2.852398103544823	8.782918849670514e-5	-0.05647896553214096	2.8396115126479353	0.0007933773693778503	2.8460048080963025	0.000396734479491472
1.4897960636490257	2.8545202369131863	8.903294176007688e-5	-0.05647896553214096	2.8447383983717787	0.0008323499543845276	2.8496293176429277	0.0004165902667217639
#
# --- Optimal ---
R0_opt      = 1.1147425091639562
energy_b    = -0.05647896553214096
E_opt       = 2.849366814989829
err_opt     = 8.525802506225712e-5
