# Stage 2: R0 optimization sweep
# N=60, nr0sq=1.0, h=0.3, R_match=0.8349980438651612
# L=7.745966692414834, L/2=3.872983346207417
#
# --- Coarse sweep ---
# R0	E/N	Error	eps_b	E_drift/N	Error_drift	E_lap/N	Error_lap
0.0	2.8018308138421615	0.01014446274677222	0.0	2.8037058319468438	0.01226080865208107	2.802768322894503	0.010717491014602207
0.20384122874775878	2.6678689743755046	0.010113741573562953	-11.661903206745434	2.6786179464195334	0.012839756801527222	2.673243460397519	0.010861011375918881
0.40768245749551757	1.235775673662182	0.0086678111687717	-11.661903206745434	1.2127254904827192	0.02004891774261247	1.2241959153290245	0.013139210737429134
0.6115236862432764	-0.4374600161402716	0.00879821872893192	-11.661903206745434	-0.3865726944430594	0.03362512491035763	-0.4120163552916654	0.01836285712552292
0.8153649149910351	-0.18425103980348154	0.018047892079102144	-11.661903206745434	-0.18490479197166423	0.03700766735341047	-0.18465876527770184	0.02353181012016653
1.0192061437387938	5.8416378889843665	0.09317616721772488	-11.661903206745434	5.785541592633032	0.07387099475958565	5.814451687609954	0.0910470383079789
1.2230473724865527	35.65994009825468	0.14232009228448664	-11.661903206745434	35.67242362467439	0.1392994117008313	35.666062192343446	0.10851156918881535
1.4268886012343114	73.53519134982234	0.15787259779116739	-11.661903206745434	73.37340041713429	0.22299168958472965	73.45295163995014	0.1672394032686735
1.6307298299820703	100.18022038249646	0.49385293690934995	-11.661903206745434	99.97224335768959	0.5212871992435353	100.076231870093	0.49147294051429885
1.834571058729829	164.44564942568704	0.24351048272175524	-11.661903206745434	164.10399927942953	0.36588917795728876	164.27020786858097	0.267062297406297
2.0384122874775876	210.02949579529087	0.30407300400859966	-11.661903206745434	209.7363619956345	0.44684543402072446	209.88542160279283	0.33341655534901266
2.2422535162253467	270.91397547841547	0.5739057743298676	-11.661903206745434	270.95104986241927	0.566070902924832	270.9357749366276	0.46703705416704433
2.4460947449731054	368.1920912607125	0.3843820854819822	-11.661903206745434	368.3833409412576	0.6149402915975127	368.28771610098505	0.4460278127071828
2.6499359737208645	996.2312887648801	0.9086727990479894	-11.661903206745434	997.8018858480585	1.3192448362851963	996.9853829428903	0.9961070298044966
2.8537772024686228	392.04871027719	0.44149758419289	-11.661903206745434	392.20171849849874	0.6659930127242274	392.1223264795271	0.49384907666864425
3.057618431216382	999.7701524651486	0.7849710814365074	-11.661903206745434	1000.7278307682826	1.3320512564352875	1000.2517149727263	0.9435143213979018
3.2614596599641406	998.4154668822758	0.8199068177243993	-11.661903206745434	997.2638101611072	1.3660171797757277	997.8452283731923	0.9603914692884457
3.4653008887118997	998.8373610475803	0.8455255008859605	-11.661903206745434	997.8121700387887	1.3218891192154179	998.3241422782099	0.9665759061609343
3.669142117459658	997.871813474322	0.9109958141672407	-11.661903206745434	996.6081086782322	1.369119924213897	997.2374845400211	0.9732641262542215
3.872983346207417	997.8136870330256	0.8714637904712627	-11.661903206745434	1000.5271509137281	1.3273227618569952	999.1731195280084	0.9661319570242948
#
# --- Fine sweep ---
# R0	E/N	Error	eps_b	E_drift/N	Error_drift	E_lap/N	Error_lap
0.42806658037029344	1.045437021945197	0.009000012555793389	-11.661903206745434	1.068223461938555	0.021605694031784743	1.0568302419418758	0.013790194627986347
0.4473778546727127	0.8318007936000665	0.008781445561121728	-11.661903206745434	0.8264888582374101	0.023920505298447577	0.8291448259187385	0.01493249307075782
0.46668912897513193	0.6558637713295299	0.008592095279182928	-11.661903206745434	0.6728214595870872	0.02477313078008667	0.6643426154583085	0.015218343121718282
0.48600040327755123	0.4727832718012674	0.008735748579189	-11.661903206745434	0.47940738837011593	0.02615189426912479	0.47609533008569155	0.01564421015015592
0.5053116775799704	0.28149172995560806	0.008538469742850281	-11.661903206745434	0.24593707020764324	0.0278892912329208	0.2637144000816256	0.016460865829589263
0.5246229518823897	0.14292757932536757	0.00824880318643619	-11.661903206745434	0.17976088285090386	0.028114695916257516	0.16134423108813573	0.016109401110854397
0.543934226184809	-0.026831896105646187	0.008452160317602023	-11.661903206745434	-0.02218037258578913	0.030469624675092306	-0.02418953165859849	0.01810218738995127
0.5632455004872282	-0.1859055124378673	0.00927931936626007	-11.661903206745434	-0.23620967156454617	0.02956821675288036	-0.21087566139367764	0.01779633726237503
0.5825567747896474	-0.29351364672238106	0.008164825313945193	-11.661903206745434	-0.2474490909817142	0.03399832277195691	-0.2705157004399707	0.018566308776567807
0.6018680490920667	-0.3904483475390782	0.009102487089222872	-11.661903206745434	-0.4572585184241692	0.03237214081623789	-0.4241738328320093	0.01901863522895416
0.621179323394486	-0.4750796189681484	0.00974921085996776	-11.661903206745434	-0.45397373315095246	0.0314520566479975	-0.4645266760595503	0.017600005093050767
0.6404905976969053	-0.5440348482547568	0.01088392072210807	-11.661903206745434	-0.5825393228528384	0.033042357169946926	-0.5631049163397656	0.01977416637096627
0.6598018719993245	-0.5858770785324657	0.00908236559537267	-11.661903206745434	-0.6200772853401807	0.03559159393123141	-0.6029771819363234	0.01926117501542108
0.6791131463017438	-0.6536968115661528	0.009550443596924375	-11.661903206745434	-0.6080733225641353	0.03328945655488764	-0.6308850670651438	0.018365078592187153
0.698424420604163	-0.6434454528085481	0.011667096426259899	-11.661903206745434	-0.634476394478769	0.032928007545468214	-0.6390016394145964	0.018299219883020437
0.7177356949065823	-0.6216150646504357	0.011856851337970063	-11.661903206745434	-0.6689392641593864	0.03790016260021613	-0.6452507185722712	0.02094820962140261
0.7370469692090015	-0.5870732040184113	0.012782681039546627	-11.661903206745434	-0.6055664152658708	0.03459364765311086	-0.5963198096421412	0.019473337115010703
0.7563582435114208	-0.4864053466437711	0.014507079046042487	-11.661903206745434	-0.455693036383125	0.04032695977093205	-0.47104919151344815	0.022698213229987534
0.77566951781384	-0.4581510504539396	0.014053639802099373	-11.661903206745434	-0.4725910161619556	0.036850239720917874	-0.4654456928720541	0.022057892241751607
0.7949807921162593	-0.2602438339744354	0.016865401836818065	-11.661903206745434	-0.32276706357162327	0.03573112695239311	-0.2913901506093852	0.02340199034711765
#
# --- Optimal ---
R0_opt      = 0.6791131463017438
energy_b    = -11.661903206745434
E_opt       = -0.6536968115661528
err_opt     = 0.009550443596924375
tail_opt    = 0.807532720541924
