# STAGE 2: R0 optimization
# N=180, nr0sq=1.0, h=0.5, R_match=0.6421350799962411
# L=13.416407864998739, L/2=6.708203932499369
#
# Coarse sweep
# R0	E/N	Error	eps_b
0.670820393249937	2.922987483038602	0.0004142209752194893	-3.912468212646017
1.1586897701589822	2.9702667634070137	0.00047377243603189924	-1.8341267077276933
1.6465591470680272	3.5697835619016263	0.0008555211598898814	-1.3120698391141348
2.134428523977072	15.513037125777629	0.009260735951959745	-1.1373342237721937
2.6222979008861174	39.497126120587424	0.019119291130547354	-1.0730688380952813
3.110167277795162	76.07049781493897	0.03755119068037371	-1.0493001376993378
3.5980366547042073	117.48140178431491	0.04212623529650414	-1.0406270084635731
4.085906031613252	183.0632271848992	0.13222742056346576	-1.0374875321351436
4.573775408522298	326.9745299165695	0.35645605681678305	-1.036352928979972
5.061644785431343	283.6189386948987	0.28442830628199467	-1.0359419138271204
5.549514162340388	605.3013832380262	1.4955271192104975	-1.0357926224202876
6.037383539249433	659.2243515365063	1.3413796800285729	-1.0357382394717565
#
# Fine sweep
# R0	E/N	Error	eps_b
0.4695742752749559	3.0611486558991814	0.0002951562003754777	-6.42520667679576
0.5061644785431343	3.04016214070084	0.0002739322708614774	-5.831352613297305
0.5427546818113126	3.0142180882515377	0.00026899304836895704	-5.305612459650144
0.579344885079491	2.9891147175518293	0.0002522911430857413	-4.841935381043543
0.6159350883476695	2.9585478445838507	0.00023254179899965405	-4.433906294165119
0.6525252916158478	2.937749991154069	0.00022841404280569554	-4.0752029636097316
0.6891154948840262	2.9209074403432878	0.00022463854556430314	-3.7598690827543226
0.7257056981522046	2.901039727448253	0.0002167178984683365	-3.482457821058529
0.7622959014203831	2.889016250728797	0.00021094688489916297	-3.2387157991368687
0.7988861046885615	2.8855248577740555	0.00020511425548768247	-3.0230062470634556
0.8354763079567398	2.874590328106709	0.0002104019773368139	-2.8322695167611496
0.8720665112249182	2.8709509539439333	0.00021574592910915437	-2.6632311942701428
#
# Optimal R0
R0_opt  = 0.8720665112249182
E_opt   = 2.8709509539439333
Err_opt = 0.00021574592910915437
