# Stage 2: R0 optimization sweep
# N=60, nr0sq=1.0, h=0.4090909090909091, R_match=0.8349980438651612
# L=10.954451150103322, L/2=5.477225575051661
#
# --- Coarse sweep ---
# R0	E/N	Error	eps_b	E_drift/N	Error_drift	E_lap/N	Error_lap
0.20454545454545456	1.1431081853687957	0.0012321753437247427	-2.8495687028091705	1.1474158437109245	0.0018051803698261092	1.1452620145398782	0.0014033898434011633
0.44628099173553726	0.9600886539841732	0.0011167322217006338	-2.8495687028091705	0.9472472090913969	0.0021013036365304847	0.9536679315378014	0.001429338841267018
0.6880165289256199	0.5583930438352276	0.0008347943048778834	-2.8495687028091705	0.5774845600432766	0.002410665071626467	0.5679388019392498	0.001371013153412147
0.9297520661157024	0.3181648028313727	0.0007878221038741379	-2.8495687028091705	0.34951899078073795	0.002527826821519897	0.3338418968060563	0.0013298374129091866
1.1714876033057853	0.34278999853530173	0.00107229190354062	-2.8495687028091705	0.3426969358431359	0.0031607719159359544	0.34274346718921517	0.0016424713573768757
1.4132231404958677	0.8809923574303496	0.0015928250812290395	-2.8495687028091705	0.9327721289920748	0.00442833322385895	0.9068822432112092	0.002456337414848284
1.6549586776859504	3.0569614688824838	0.0035468359352558085	-2.8495687028091705	3.132593696583396	0.0069169549537993254	3.0947775827329553	0.004417522400185033
1.896694214876033	17.96617373140247	0.010420194451975241	-2.8495687028091705	18.144888813623698	0.018994992586869288	18.055531272512862	0.012799617104309975
2.138429752066116	28.661139344099038	0.02165267537670951	-2.8495687028091705	29.500681852338133	0.03330770212827978	29.080910598218715	0.024761850297369475
2.380165289256199	25.720182544996398	0.009402895504943842	-2.8495687028091705	25.879854064559712	0.0209012612377912	25.800018304778064	0.012774658198227578
2.621900826446281	44.44343014888311	0.013324186469147719	-2.8495687028091705	44.04226752540781	0.031134178803992187	44.242848837145516	0.018802291162374838
2.8636363636363638	44.87559210942016	0.013718059740946524	-2.8495687028091705	44.13408199922517	0.031022020752798005	44.50483705432318	0.018836563878626162
#
# --- Fine sweep ---
# R0	E/N	Error	eps_b	E_drift/N	Error_drift	E_lap/N	Error_lap
0.6508264462809916	0.6323107988409723	0.0002737103129477984	-2.8495687028091705	0.6450580683868964	0.0006971118076962011	0.6386844336138882	0.00041127066945717674
0.7015401953418481	0.5548478468945982	0.00025849516074720973	-2.8495687028091705	0.5528379350362399	0.0007354102571848369	0.5538428909654586	0.0004196584234788675
0.7522539444027045	0.48360489782245336	0.00024912325572361293	-2.8495687028091705	0.49333035715468304	0.0007364666956186828	0.48846762748861455	0.00040839195268441397
0.8029676934635611	0.42598944367131636	0.00023942250410834398	-2.8495687028091705	0.41128492429421826	0.0007680671888031007	0.4186371839827723	0.000415707904071219
0.8536814425244177	0.37775944664390604	0.00023611371610531638	-2.8495687028091705	0.3932973576930063	0.0007750523750132027	0.38552840216847	0.00041162748878627433
0.9043951915852741	0.3380628441142275	0.00023930897108163547	-2.8495687028091705	0.3393318772631203	0.000850430413360881	0.3386973606886878	0.0004446425024162761
0.9551089406461306	0.31568831331153874	0.0002460469278095003	-2.8495687028091705	0.32371719937722326	0.0009033927658133688	0.31970275634439277	0.0004686147267896925
1.005822689706987	0.3046130931437007	0.00026330187898358114	-2.8495687028091705	0.30092355604479065	0.000922707575022991	0.3027683245942493	0.0004758986987909957
1.0565364387678435	0.3063210494910533	0.00027893488430660835	-2.8495687028091705	0.31608051216549676	0.0009388118933593528	0.31120078082830477	0.0004852144485393646
1.1072501878287002	0.32833757003233244	0.0003038438986995313	-2.8495687028091705	0.3225670208505841	0.001004712775765631	0.32545229544144816	0.0005252599654152375
1.1579639368895567	0.37208719253716427	0.0003323345814736712	-2.8495687028091705	0.3628365818289664	0.0009863343227457734	0.3674618871830353	0.0005167351856087524
1.2086776859504131	0.41840798457758854	0.00036207939219940816	-2.8495687028091705	0.43546684498015964	0.0010641597454176183	0.4269374147788706	0.0005624023731418131
#
# --- Optimal ---
R0_opt      = 1.005822689706987
energy_b    = -2.8495687028091705
E_opt       = 0.3046130931437007
err_opt     = 0.00026330187898358114
