# Stage 2: R0 optimization sweep
# N=60, nr0sq=1.0, h=0.6, R_match=0.8349980438651612
# L=7.745966692414834, L/2=3.872983346207417
#
# --- Coarse sweep ---
# R0	E/N	Error	eps_b	E_drift/N	Error_drift	E_lap/N	Error_lap
0.0	2.8243172492028905	0.0019449412961472258	0.0	2.831281820938776	0.0075578178974561715	2.8277995350708327	0.004087664508904521
0.25819888974716115	2.820608509823578	0.002115649468208616	-0.39572935333531395	2.8196050845867338	0.007564409751535261	2.820093161313982	0.004103627933850508
0.5163977794943223	2.7743158190104045	0.001687032005496015	-0.39572935333531395	2.789742648358557	0.0074992456921785565	2.7820366266608914	0.003957308752965052
0.7745966692414834	2.716032324766228	0.001295826342799449	-0.39572935333531395	2.7307188935687874	0.007876946155939467	2.723375609167508	0.0039805114928258755
1.0327955589886446	2.70450508317167	0.0012566570894885227	-0.39572935333531395	2.692235382850847	0.007966408516366269	2.6983702089820514	0.003968333796515494
1.2909944487358056	2.7452422995195103	0.001543673874937679	-0.39572935333531395	2.743482478442789	0.009096766553553464	2.744361773897842	0.004558826945204488
1.5491933384829668	2.807704571680619	0.002052453696222338	-0.39572935333531395	2.8289377215469016	0.009146575524638677	2.818320451643848	0.004895102294053667
1.807392228230128	2.8993756546471436	0.0024202843492417917	-0.39572935333531395	2.876602865334649	0.008810958689499724	2.8879892599908965	0.004632924539240457
2.0655911179772892	3.0052122923843956	0.0032232903312313997	-0.39572935333531395	3.0142637269545123	0.009555148684517182	3.009725298741981	0.0052086381042069215
2.32379000772445	3.171852890656128	0.003983300358609973	-0.39572935333531395	3.190960683765446	0.011031792033158438	3.1814120089638487	0.006104726681857333
2.581988897471611	3.4700914346232863	0.006538132827151226	-0.39572935333531395	3.471747443423656	0.011753104403378685	3.470951217923007	0.007832610733695303
2.840187787218772	6.935769861848859	0.09793200177101898	-0.39572935333531395	6.953219536929022	0.0982147395795197	6.94449469938894	0.09749066351205991
3.0983866769659336	43.16136515525572	0.09509111391417006	-0.39572935333531395	43.217819476061	0.10159039543057674	43.19213322339031	0.08276615509440424
3.356585566713095	53.973387421931015	0.09367211642567465	-0.39572935333531395	53.970338565252455	0.11014607722402664	53.9693671568764	0.08332120911699678
3.614784456460256	60.266238298716466	0.0730415213079721	-0.39572935333531395	60.259914867468055	0.11984210988578001	60.26279930207137	0.08538440866195932
3.872983346207417	64.99813370311277	0.06955124338075738	-0.39572935333531395	64.93167410166683	0.1228086530061809	64.96507867475617	0.08296515929920067
#
# --- Fine sweep ---
# R0	E/N	Error	eps_b	E_drift/N	Error_drift	E_lap/N	Error_lap
0.7229568912920512	2.7241031641555224	0.0013470322865543778	-0.39572935333531395	2.718792038801929	0.007832723504223853	2.7214476014787254	0.003993332598773406
0.7642687136515971	2.717745356086914	0.00132261043062683	-0.39572935333531395	2.712749482042211	0.007455436307342385	2.7152474190645624	0.003780807411173495
0.8055805360111428	2.708401421135732	0.0012824320147525284	-0.39572935333531395	2.713777797524803	0.008288896609227473	2.7110896093302674	0.004194722967592466
0.8468923583706887	2.705937454080236	0.0011884671511950063	-0.39572935333531395	2.703614835406745	0.007368592559506149	2.70476902841456	0.00370856590302057
0.8882041807302343	2.7030428052606434	0.0012595851478338547	-0.39572935333531395	2.698152259658786	0.008285178903959547	2.7005975324597147	0.0041486028332659965
0.9295160030897802	2.703078065739125	0.0011849870811217506	-0.39572935333531395	2.6889009938414463	0.007320286414433167	2.695991867790593	0.003654328425052475
0.9708278254493259	2.698939933150818	0.0012087662917698943	-0.39572935333531395	2.709029276441073	0.007865875926313163	2.7039823019166462	0.003922440350172585
1.0121396478088718	2.7021982752708764	0.0013013709151476942	-0.39572935333531395	2.691033058632685	0.0076423251248942	2.6966156669517813	0.0038060818712893738
1.0534514701684174	2.7050281318578624	0.0013372516314600154	-0.39572935333531395	2.69538165602868	0.007574985405344322	2.7002048939432712	0.003766676487626228
1.0947632925279633	2.7087400302766373	0.0012874814630191161	-0.39572935333531395	2.7068875351356376	0.007861034349170232	2.7078221380265135	0.003917787270950591
1.1360751148875092	2.71468742464879	0.0014257104521344806	-0.39572935333531395	2.6952283266165975	0.007529975465220068	2.7049578756326937	0.0037679589340357334
1.177386937247055	2.7175201933400994	0.0014843663291968514	-0.39572935333531395	2.719677285066695	0.00755439510529447	2.718598739203397	0.003762697633406019
1.2186987596066008	2.7287034323363994	0.0015257719450283043	-0.39572935333531395	2.7349177204548165	0.008615665921396938	2.731816870506086	0.0043412735676664664
1.2600105819661465	2.7346105726825347	0.001498421092916436	-0.39572935333531395	2.729101697952695	0.008268054146155822	2.7318536184318067	0.004154852549606412
1.3013224043256921	2.744124221727224	0.001608279868885049	-0.39572935333531395	2.7396546603266225	0.008248026907498813	2.741889441026923	0.004127620155303847
1.342634226685238	2.758135176295674	0.0016845732238152061	-0.39572935333531395	2.7583136861343536	0.009010726512025564	2.7582244312150133	0.004528558678699097
#
# --- Optimal ---
R0_opt      = 0.9708278254493259
energy_b    = -0.39572935333531395
E_opt       = 2.698939933150818
err_opt     = 0.0012087662917698943
tail_opt    = 0.7969810140090628
