# Stage 2: R0 optimization sweep
# N=60, nr0sq=1.0, h=1.5, R_match=0.8349980438651612
# L=7.745966692414834, L/2=3.872983346207417
#
# --- Coarse sweep ---
# R0	E/N	Error	eps_b	E_drift/N	Error_drift	E_lap/N	Error_lap
0.0	2.889444543357066	0.000636959722168536	0.0	2.8863534305929313	0.006839071771396001	2.8878989869749985	0.0034262976534136405
0.20384122874775878	2.8905098718412945	0.0006499520956546676	-0.035437445294259344	2.9045154826835495	0.007399687671816827	2.897512528997245	0.003704340144779798
0.40768245749551757	2.887013131665815	0.0006525617152487172	-0.035437445294259344	2.8833133203073364	0.007619798554574081	2.8851656718740797	0.003812065039186818
0.6115236862432764	2.888415067431155	0.000693766913971743	-0.035437445294259344	2.9040589182488685	0.007354889897270411	2.896236992840011	0.0036812412888877965
0.8153649149910351	2.8883144006426145	0.0006631420923440283	-0.035437445294259344	2.8793082753471864	0.007234952675203747	2.8838113379949	0.0036212127901533945
1.0192061437387938	2.8880501286007907	0.0006825105050458013	-0.035437445294259344	2.8751573772413703	0.006887222152338222	2.881603752921081	0.0034533538763248392
1.2230473724865527	2.886843893147648	0.0007098585223492005	-0.035437445294259344	2.883552111231394	0.007419833821263056	2.885198002189521	0.0037231889327884625
1.4268886012343114	2.888667823753307	0.000671656107457231	-0.035437445294259344	2.8768078460161615	0.007105537264223536	2.882737376153726	0.003562091012398421
1.6307298299820703	2.888659958822184	0.0006582963868755771	-0.035437445294259344	2.881738027660448	0.006892422279910661	2.885198673175579	0.0034551072224154418
1.834571058729829	2.8891879491022254	0.0007084197481025366	-0.035437445294259344	2.9052457491800165	0.007111401341019996	2.8972162967389345	0.0035644782038476196
2.0384122874775876	2.8909785528328578	0.0007018498818714438	-0.035437445294259344	2.891351049366486	0.007221819851486459	2.8911589541379517	0.003626014175722567
2.2422535162253467	2.891044144927834	0.0006578962205731547	-0.035437445294259344	2.8947711213721856	0.007014808334864602	2.8929076331500094	0.0035157462695809935
2.4460947449731054	2.8931281937096625	0.0006814804548815355	-0.035437445294259344	2.8854265546838773	0.007337007608973348	2.8892773741967703	0.0036779415613723294
2.6499359737208645	2.8936770257215025	0.0007309113013020002	-0.035437445294259344	2.8886447011421263	0.007451944328534129	2.8911608634318147	0.003742990527497438
2.8537772024686228	2.8945034304158233	0.0007692800175715321	-0.035437445294259344	2.904642254535174	0.0069384964854047005	2.899572842475499	0.0034963470901900515
3.057618431216382	2.8949569416035796	0.00073500115075515	-0.035437445294259344	2.889794696281865	0.0069455874091134675	2.8923758189427224	0.003493818563943755
3.2614596599641406	2.8966610484640913	0.0007025302304654243	-0.035437445294259344	2.897710887451495	0.011609719394462186	2.897184072935745	0.0058098392569425165
3.4653008887118997	2.898681626496648	0.00068853017527855	-0.035437445294259344	2.888296551015618	0.006494361974346221	2.8934890887561338	0.003264162036537192
3.669142117459658	2.8984777601136433	0.00076794490929466	-0.035437445294259344	2.8957337777734944	0.007496065640187848	2.8971057689435677	0.003759481990020286
3.872983346207417	2.8997960124559676	0.0007543802269061918	-0.035437445294259344	2.90259732846484	0.00708201441743327	2.9011956381623367	0.003546025769737295
#
# --- Fine sweep ---
# R0	E/N	Error	eps_b	E_drift/N	Error_drift	E_lap/N	Error_lap
0.8561331607405869	2.889194150844995	0.0006820014933052778	-0.035437445294259344	2.8951046992612977	0.007409358499886282	2.892149425053147	0.0037196240853834685
0.8947557093454254	2.888031399265187	0.0006480204729990222	-0.035437445294259344	2.8747585737264023	0.00645655516751843	2.8813949864957946	0.0032288080203834147
0.9333782579502639	2.888629610871961	0.0006926207079353688	-0.035437445294259344	2.8979639098835808	0.008244017302876239	2.8932967603777717	0.004131284663430692
0.9720008065551025	2.888935394365684	0.0006402696026818321	-0.035437445294259344	2.872739777258809	0.006878798840211619	2.8808413699303617	0.003428847683769344
1.0106233551599408	2.888748899900243	0.0006378314003773137	-0.035437445294259344	2.8834581443531375	0.006534522288129385	2.88610352212669	0.0032746889742926344
1.0492459037647794	2.888391541874891	0.0006469627572274386	-0.035437445294259344	2.8884445727023262	0.006978645938161597	2.888414334211091	0.003490737835232053
1.087868452369618	2.8876970040615024	0.0006753481231984172	-0.035437445294259344	2.8957779836791366	0.007461263555213382	2.8917370862282743	0.0037309923478724997
1.1264910009744564	2.8868298290740984	0.0006739850898488391	-0.035437445294259344	2.900322062928511	0.009234912710230272	2.893579520103185	0.004622303441516189
1.1651135495792948	2.888006236259601	0.0006549004373641121	-0.035437445294259344	2.894733451608914	0.006889948671039282	2.8913998549767417	0.003601071954713948
1.2037360981841334	2.888265389864735	0.0006784841767125868	-0.035437445294259344	2.8857033153203018	0.00693935233271462	2.886987771119322	0.0034812480603761604
1.242358646788972	2.887164636881878	0.0006648448655836238	-0.035437445294259344	2.8887989562748375	0.00765678340234874	2.887977984975158	0.003848734686690334
1.2809811953938106	2.888121183959338	0.0006899170853914442	-0.035437445294259344	2.8841363390466355	0.006938772077818079	2.8861352555741178	0.0034817417930229147
1.319603743998649	2.8879365935794747	0.0006725173205674527	-0.035437445294259344	2.8907542291153203	0.006853220801271231	2.889343414197869	0.0034300024040263438
1.3582262926034876	2.888800594811023	0.00069415922366077	-0.035437445294259344	2.8981110357261675	0.0073537381276532225	2.8934558152685943	0.003683796426210186
1.396848841208326	2.8879143420019924	0.0006984677811684737	-0.035437445294259344	2.9110850551393677	0.007410795470980747	2.8995050524190877	0.003714187673303957
1.4354713898131646	2.888370064811157	0.0006944199829852407	-0.035437445294259344	2.8830526975340875	0.007204450597466908	2.885711381172622	0.0036129948672302256
1.474093938418003	2.888602390298308	0.0006612867876735257	-0.035437445294259344	2.8961793699717564	0.007455317020970372	2.8923909481635075	0.003737898411670166
1.5127164870228416	2.88731190968207	0.000678672152657674	-0.035437445294259344	2.9030958032722807	0.00706102421533809	2.8952038564771754	0.003536180635540395
1.55133903562768	2.888987315504882	0.0006811263563202125	-0.035437445294259344	2.8845137341931197	0.007723472143041061	2.8867511071897964	0.003876187848323746
1.5899615842325185	2.88736483477843	0.0006590830947498	-0.035437445294259344	2.9008673045982576	0.0071221516599716235	2.894116069688344	0.0035767074858960453
#
# --- Optimal ---
R0_opt      = 1.1264910009744564
energy_b    = -0.035437445294259344
E_opt       = 2.8868298290740984
err_opt     = 0.0006739850898488391
tail_opt    = 0.734450312510746
