# Stage 2: R0 optimization sweep
# N=60, nr0sq=1.0, h=0.4, R_match=0.8349980438651612
# L=7.745966692414834, L/2=3.872983346207417
#
# --- Coarse sweep ---
# R0	E/N	Error	eps_b	E_drift/N	Error_drift	E_lap/N	Error_lap
0.0	2.83107202072034	0.005142214159705439	0.0	2.818689108983138	0.009061272241937224	2.824806994365957	0.006079538201552227
0.25819888974716115	2.765297127035246	0.005322310877460954	-3.173409589834372	2.7669556444262806	0.009058871726004714	2.7661263857307627	0.006429002608963492
0.5163977794943223	2.3029246734594744	0.0036963771302254826	-3.173409589834372	2.2805234009324518	0.01084234017589225	2.2917135468031544	0.0060350752420426255
0.7745966692414834	1.9522681583166352	0.0031571438561303557	-3.173409589834372	1.9835421137962481	0.013627269544544804	1.9678876136335153	0.007086702510318037
1.0327955589886446	2.170598619952818	0.005587529945145335	-3.173409589834372	2.1480917693518133	0.015882343801212763	2.1593451946523152	0.008620439770679724
1.2909944487358056	3.037509752714994	0.010469374837576826	-3.173409589834372	3.0255742320375942	0.019177151903599705	3.0315419923762934	0.011850357905270864
1.5491933384829668	7.4738071794084515	0.07081768461546543	-3.173409589834372	7.554149829393444	0.07441505767129591	7.5139785044009475	0.07021828265933236
1.807392228230128	33.392556034845335	0.07071858341310751	-3.173409589834372	33.630008516403436	0.09483500789431466	33.5113969229742	0.0713778622029448
2.0655911179772892	42.73888274630289	0.07378200533544017	-3.173409589834372	42.92448918806989	0.11728390463626173	42.829784245310684	0.08185306799782559
2.32379000772445	121.98086815758627	0.14735996498730733	-3.173409589834372	121.44040698790654	0.23805049025556585	121.71059237830039	0.1692421358560359
2.581988897471611	121.51401435338671	0.5086370911206589	-3.173409589834372	121.7969225555133	0.5412519254574624	121.65546845445003	0.5069302127523336
2.840187787218772	114.56564016555801	0.14657275010093393	-3.173409589834372	115.07205622980956	0.23147713311609217	114.81788069068062	0.16331139261057712
3.0983866769659336	335.6519553834457	0.3032969527427778	-3.173409589834372	336.0263731343928	0.5452062757653345	335.8387958210271	0.3731463759307721
3.356585566713095	336.0466812576996	0.32292862366282443	-3.173409589834372	336.3693071159143	0.5444273160292749	336.20526717608266	0.3690713939749824
3.614784456460256	336.2109057595351	0.32572263858257083	-3.173409589834372	336.9015862939601	0.5159553871504937	336.5622371371211	0.3632693402205671
3.872983346207417	336.53346481876474	0.2922530987372102	-3.173409589834372	336.8578114565463	0.5219283322681586	336.698889669935	0.35818937569267556
#
# --- Fine sweep ---
# R0	E/N	Error	eps_b	E_drift/N	Error_drift	E_lap/N	Error_lap
0.5422176684690383	2.244801915842816	0.0035512338330375513	-3.173409589834372	2.2428560810705105	0.011328457331031789	2.243821214631383	0.0061651017040058355
0.5732015352386977	2.184363916036264	0.0034091464660541307	-3.173409589834372	2.1676062825761466	0.010572131285453932	2.1759850993062053	0.0059553544696785915
0.604185402008357	2.130443071219301	0.0033087095376467127	-3.173409589834372	2.12514992379028	0.012047699190423507	2.1278088316952317	0.00663827739622141
0.6351692687780164	2.074379361676182	0.0031273198248620757	-3.173409589834372	2.100425411654953	0.012394953732616001	2.0873897885160675	0.006683628718131083
0.6661531355476757	2.0303139723831536	0.0031296176183622268	-3.173409589834372	2.0209601642381876	0.012308801625244604	2.0256271116160027	0.0066517978541841055
0.6971370023173351	2.00072715901076	0.00306379743871373	-3.173409589834372	1.983945633823845	0.013199380180157443	1.9923298389789452	0.006996558468102584
0.7281208690869945	1.9715928003398309	0.0030577626892876277	-3.173409589834372	1.9688940160741801	0.013618161806653968	1.9702395621606918	0.00730513670150171
0.7591047358566537	1.9593169490427835	0.003031129620557746	-3.173409589834372	1.9751040134163929	0.013172799210517958	1.9671955606593958	0.006790185400015662
0.7900886026263132	1.9518623392722438	0.0033505782354377677	-3.173409589834372	1.9481457144497456	0.012824222018678328	1.950041529153597	0.0070105632260703465
0.8210724693959724	1.9405724756120504	0.003407003858861169	-3.173409589834372	1.9533726635092385	0.013492896864423407	1.946987806909881	0.0069445874426396995
0.8520563361656318	1.9545366056896887	0.003537003248821143	-3.173409589834372	1.946244277582926	0.014677093100579968	1.9504066413987526	0.007501469995652308
0.8830402029352911	1.972605785653671	0.0037809192954489372	-3.173409589834372	1.994304595503072	0.014042947264587654	1.9834751380748372	0.007306726043550835
0.9140240697049505	2.003930447761994	0.004132242295080942	-3.173409589834372	2.020909589676653	0.014440861007463788	2.0124424705788413	0.0075339998083001495
0.9450079364746098	2.035422739863994	0.004662985128748786	-3.173409589834372	2.040013443985719	0.013973421241913395	2.037733645346516	0.007724287631301666
0.9759918032442692	2.083251407430946	0.0045818746365404485	-3.173409589834372	2.0834317826179096	0.014703821834376197	2.083329171551956	0.008135625289387025
1.0069756700139285	2.128876112306908	0.005111058479979691	-3.173409589834372	2.1345415982881293	0.01475774721027299	2.131708855297519	0.007869017776266966
#
# --- Optimal ---
R0_opt      = 0.8210724693959724
energy_b    = -3.173409589834372
E_opt       = 1.9405724756120504
err_opt     = 0.003407003858861169
tail_opt    = 0.8047519486283913
