# Stage 2: R0 optimization sweep
# N=60, nr0sq=1.0, h=0.84, R_match=0.8349980438651612
# L=7.745966692414834, L/2=3.872983346207417
#
# --- Coarse sweep ---
# R0	E/N	Error	eps_b	E_drift/N	Error_drift	E_lap/N	Error_lap
0.42	2.835933437216744	0.00034525818797260366	-0.10122222240900684	2.823286159518368	0.002559574835657184	2.8296097983675623	0.001291017561246321
0.733907576927947	2.828499441971826	0.00032177617579572646	-0.10122222240900684	2.8674963233854838	0.0030223820195215923	2.8479978826786474	0.0015208460054170374
1.047815153855894	2.8171325969783454	0.0003034134881345751	-0.10122222240900684	2.81036606761547	0.0025420981170778444	2.8137493322969442	0.0012723740921741177
1.3617227307838409	2.825856723220414	0.0003259594311565819	-0.10122222240900684	2.8487968683331775	0.002486969663896643	2.837326795776795	0.0012456227626384952
1.675630307711788	2.8425156287172695	0.00036388906274814365	-0.10122222240900684	2.8429117483921478	0.0024930664883395194	2.842713688554718	0.001249019069984494
1.989537884639735	2.85438626994447	0.0003993841591847328	-0.10122222240900684	2.82209330243862	0.0025537987467016293	2.8382397861914583	0.0012840781888848597
2.303445461567682	2.8771874141514844	0.00042799973205037304	-0.10122222240900684	2.868180276979882	0.002430721732264027	2.872683845565643	0.0012271476799800096
2.617353038495629	2.897507550605722	0.00045255326436364926	-0.10122222240900684	2.887650745635453	0.003113129722162606	2.8925791481206504	0.0015733913231879995
2.931260615423576	2.9059721315098286	0.0004604613665908013	-0.10122222240900684	2.91786629733693	0.002916762715816393	2.911919214423372	0.0014838657607695266
3.245168192351523	2.9272935150510575	0.0004763674829316321	-0.10122222240900684	2.932027517091881	0.0026447281869378544	2.9296605160713907	0.0013388981097204873
3.55907576927947	2.97030116794446	0.0005144584794406025	-0.10122222240900684	2.954997169991243	0.002909099413128479	2.962649168967855	0.0014832439182558975
3.872983346207417	3.045402094773756	0.0006678319492928302	-0.10122222240900684	3.064929193397293	0.002984015226708614	3.0551656440855757	0.001564078170205405
#
# --- Fine sweep ---
# R0	E/N	Error	eps_b	E_drift/N	Error_drift	E_lap/N	Error_lap
0.7334706076991258	2.8247255982128343	9.899753779377001e-5	-0.10122222240900684	2.8092878972462203	0.000815663221476536	2.817006747729605	0.0004105304728829398
0.7906241615458108	2.8242397335925875	9.742611115493271e-5	-0.10122222240900684	2.805020159777969	0.0008055214891051569	2.8146299466850597	0.0004048608404437278
0.8477777153924959	2.820869095167389	9.793148669403725e-5	-0.10122222240900684	2.8207102804315096	0.0008122193936430177	2.8207896877993455	0.0004072528534405305
0.9049312692391811	2.819657903470469	9.622502865523703e-5	-0.10122222240900684	2.824779713534473	0.0008338579512856805	2.822218808502393	0.0004176996336849972
0.9620848230858663	2.8177665357574044	9.615688411228774e-5	-0.10122222240900684	2.809619928583773	0.0008213931864215107	2.8136932321703463	0.0004119408820453987
1.0192383769325513	2.817719632975636	9.68935649793341e-5	-0.10122222240900684	2.8328286494051325	0.0008445893438667576	2.825274141190427	0.0004228360637130011
1.0763919307792364	2.815769650077706	9.748326359012866e-5	-0.10122222240900684	2.8276235039425717	0.0008398882187159067	2.821696577010134	0.00042002983758870725
1.1335454846259216	2.8169397619190812	9.807846062597172e-5	-0.10122222240900684	2.811822970758852	0.0008230932509226246	2.814381366338969	0.0004116141199059586
1.1906990384726068	2.8185348297370707	9.931804863382825e-5	-0.10122222240900684	2.8238257623497125	0.0008350289635846969	2.8211802960433365	0.00041753689850452944
1.2478525923192918	2.82190441931542	0.00010008802648780995	-0.10122222240900684	2.827993790734746	0.0008397861167944036	2.8249491050249462	0.0004200806339251944
1.305006146165977	2.821630660108167	0.00010251654485418435	-0.10122222240900684	2.820922107533644	0.0008212767570069346	2.8212763838209063	0.00040975067458784686
1.3621597000126622	2.8245104568472366	0.00010446903984864048	-0.10122222240900684	2.8147476051250413	0.0009458873743097136	2.81962903098604	0.00047342743549760874
#
# --- Optimal ---
R0_opt      = 1.0763919307792364
energy_b    = -0.10122222240900684
E_opt       = 2.815769650077706
err_opt     = 9.748326359012866e-5
