# Stage 2: R0 optimization sweep
# N=60, nr0sq=1.0, h=1.4, R_match=0.8349980438651612
# L=7.745966692414834, L/2=3.872983346207417
#
# --- Coarse sweep ---
# R0	E/N	Error	eps_b	E_drift/N	Error_drift	E_lap/N	Error_lap
0.0	2.8814304756783495	0.0006962035038292255	0.0	2.8837974563211843	0.007130734119599188	2.8826139659997674	0.0035799649648100658
0.25819888974716115	2.8815143851804517	0.0006831980254875653	-0.03840884608020678	2.882384372690415	0.0072568699798402445	2.881952422282234	0.0036499917827774093
0.5163977794943223	2.8790234667356356	0.0006588192051832632	-0.03840884608020678	2.882633245297379	0.006914682697326154	2.880828356016508	0.0034667397676575186
0.7745966692414834	2.8800020103073605	0.0006603903064930255	-0.03840884608020678	2.8809142574599833	0.006903343058833448	2.8804402573558883	0.003334148287207494
1.0327955589886446	2.8789816540428004	0.0006643414157111592	-0.03840884608020678	2.8756170365399987	0.007148269660371707	2.8772959400321847	0.0035854466041470943
1.2909944487358056	2.879414074943859	0.0006489925289524353	-0.03840884608020678	2.8752140464295035	0.007023557796796757	2.8773140606866807	0.003513238579773731
1.5491933384829668	2.8808260627725284	0.0007202722549374863	-0.03840884608020678	2.880953699729029	0.007931880525492997	2.880891138328192	0.003980471552930675
1.807392228230128	2.88136269117779	0.0007178968164895158	-0.03840884608020678	2.882639407156207	0.006994964228868936	2.8820010491669987	0.003519361107373456
2.0655911179772892	2.8814987916481725	0.0006787944404994409	-0.03840884608020678	2.8755554051423218	0.006804574995535281	2.8785318504648503	0.003407907910954048
2.32379000772445	2.884298004432224	0.0007382706213849327	-0.03840884608020678	2.878034394576095	0.007108497213468045	2.8811662773817512	0.003558890968152635
2.581988897471611	2.8861083602387154	0.0007096283384678962	-0.03840884608020678	2.8774811301173546	0.006917978429051329	2.881794745178035	0.003470435057848046
2.840187787218772	2.8868552713059836	0.0007216082849868036	-0.03840884608020678	2.896216737055469	0.006846920780841598	2.8915035104364235	0.003347323088707668
3.0983866769659336	2.8891884428598016	0.000756661560041547	-0.03840884608020678	2.866347793737023	0.006839679950580127	2.877768118298412	0.0034351826571659082
3.356585566713095	2.8890349223253295	0.0007722533198277671	-0.03840884608020678	2.8914356628062374	0.007167007515872753	2.8902352925657833	0.00360302215217721
3.614784456460256	2.8928965509561544	0.0008156858171707829	-0.03840884608020678	2.8992081724789043	0.007221731368115261	2.8960523617175293	0.0036267128499387078
3.872983346207417	2.892732133647383	0.0007856531634766876	-0.03840884608020678	2.8840071781375523	0.007148932390704237	2.8883696558924683	0.003592505185765537
#
# --- Fine sweep ---
# R0	E/N	Error	eps_b	E_drift/N	Error_drift	E_lap/N	Error_lap
0.7229568912920512	2.8791993270938456	0.0006879567691946863	-0.03840884608020678	2.8906351831681447	0.006977830850568837	2.8849172551309956	0.0034960586829132366
0.7642687136515971	2.879526565456243	0.0006502153579471991	-0.03840884608020678	2.8749964545416877	0.0069358110722714155	2.8772692592869005	0.003466400105208807
0.8055805360111428	2.8799119019814126	0.0006362265010171562	-0.03840884608020678	2.87732349802421	0.007185200454117693	2.8786215237963333	0.003599055540188337
0.8468923583706887	2.8802174201702844	0.0006947146951781374	-0.03840884608020678	2.880802657952296	0.007520973894441006	2.8805100390612917	0.0037733046731624627
0.8882041807302343	2.8796325028564147	0.0006814365246215222	-0.03840884608020678	2.8840351425243904	0.006962551445442333	2.8818323491554256	0.0034978500154955097
0.9295160030897802	2.8789330059250227	0.0006700354541834028	-0.03840884608020678	2.8746990422587126	0.006813265000712696	2.876825275875241	0.003589832554592302
0.9708278254493259	2.8802347427447645	0.00065214660075669	-0.03840884608020678	2.8994636467544392	0.008581250821236524	2.8898491947496017	0.004312009198967326
1.0121396478088718	2.8783670790055393	0.0006947474421984954	-0.03840884608020678	2.8757155019969374	0.006664849194796568	2.877039947266747	0.003330207767446874
1.0534514701684174	2.8799230237183484	0.0006677218730652761	-0.03840884608020678	2.875257479083252	0.007196325512044145	2.8775915518053528	0.003604708650750597
1.0947632925279633	2.878210446229868	0.0006456268395348688	-0.03840884608020678	2.879673974864679	0.006635107969495222	2.8789422105472733	0.003319906009611932
1.1360751148875092	2.8793936018489275	0.000684473344554834	-0.03840884608020678	2.8734243644128266	0.006469313041254021	2.876409753566301	0.0032372947829632515
1.177386937247055	2.87923856775729	0.000648059963584535	-0.03840884608020678	2.877796565985954	0.00786949690866179	2.8785189900734798	0.003940275097815045
1.2186987596066008	2.879090969266548	0.0006600753666237082	-0.03840884608020678	2.883052669376433	0.0073656435158923695	2.8810730177333825	0.003689387998372534
1.2600105819661465	2.878994883866632	0.000650007335317423	-0.03840884608020678	2.8886583161165116	0.009872216521353493	2.8838265999915724	0.004939029117418549
1.3013224043256921	2.8788963699045387	0.0006566267857714243	-0.03840884608020678	2.8660835558692663	0.006443350161369855	2.8724899628869025	0.003222627372835525
1.342634226685238	2.878443865365817	0.0006491045006905615	-0.03840884608020678	2.8897595287887805	0.007049257842811505	2.884101697077299	0.0035369869915475778
#
# --- Optimal ---
R0_opt      = 1.0947632925279633
energy_b    = -0.03840884608020678
E_opt       = 2.878210446229868
err_opt     = 0.0006456268395348688
tail_opt    = 0.7429213813485265
