# Stage 2: R0 optimization sweep
# N=60, nr0sq=1.0, h=0.9, R_match=0.8349980438651612
# L=7.745966692414834, L/2=3.872983346207417
#
# --- Coarse sweep ---
# R0	E/N	Error	eps_b	E_drift/N	Error_drift	E_lap/N	Error_lap
0.0	2.843037483361905	0.0008359847188294476	0.0	2.8393294232794797	0.007583539607362384	2.841181067429863	0.003839542424558899
0.25819888974716115	2.8417761257024408	0.000867078676316519	-0.0838214576334517	2.826009812147061	0.007058572657179984	2.8338929689247507	0.00357481829473406
0.5163977794943223	2.8390274577058725	0.0008492894204698865	-0.0838214576334517	2.8419988326964725	0.0066936597747406295	2.840518831292363	0.0033836907463811097
0.7745966692414834	2.8320413020574247	0.0008682687896330739	-0.0838214576334517	2.8464530902307934	0.007496579815458421	2.839244092336365	0.003756933804467331
1.0327955589886446	2.827543592647499	0.0007980936585254108	-0.0838214576334517	2.8386692670306943	0.007753465808826874	2.833106429839097	0.0038809596367794224
1.2909944487358056	2.8315440323074044	0.0008369003246432706	-0.0838214576334517	2.827410741614358	0.007270805103231237	2.82947738696088	0.0036466638145170992
1.5491933384829668	2.838028968908309	0.0008400865837634065	-0.0838214576334517	2.8385745065632437	0.007600274621320836	2.83830202535033	0.00380889618685023
1.807392228230128	2.8484475764448605	0.0009756993487034384	-0.0838214576334517	2.843669870088657	0.007607118637639372	2.8460587232667587	0.0038236512071243584
2.0655911179772892	2.8598249348957063	0.001033054300865949	-0.0838214576334517	2.853124536780927	0.007484859485900338	2.8564747358383165	0.003767863393136848
2.32379000772445	2.870811021771442	0.0009908689508744428	-0.0838214576334517	2.8700565892742538	0.0071439417542683405	2.870428825065564	0.0036132128631921386
2.581988897471611	2.88004754117926	0.0011386944874277516	-0.0838214576334517	2.8938793993512024	0.00781439383927412	2.8869634702652305	0.003966572243713853
2.840187787218772	2.8905574781871493	0.0012004159334338695	-0.0838214576334517	2.8960054434411777	0.007779922259837835	2.8932814608141633	0.003960840863909435
3.0983866769659336	2.9010614774528363	0.0012383965929311002	-0.0838214576334517	2.9003003108282917	0.00784910742828813	2.9006701553017975	0.00399454923114695
3.356585566713095	2.9181820030977645	0.0014697293402196776	-0.0838214576334517	2.934749355147281	0.007894194362893835	2.926466553632434	0.004063634356043024
3.614784456460256	2.934905739882342	0.0016043335813263047	-0.0838214576334517	2.928764248846375	0.007670488765906924	2.9318275243852514	0.003996245795292541
3.872983346207417	2.9572237571555564	0.0018260698058617075	-0.0838214576334517	2.9414471539901115	0.007858461688496306	2.949335455572834	0.004044546514505618
#
# --- Fine sweep ---
# R0	E/N	Error	eps_b	E_drift/N	Error_drift	E_lap/N	Error_lap
0.7229568912920512	2.833200987615401	0.0008204668655038642	-0.0838214576334517	2.830551217724652	0.00714292684463117	2.8318352354264658	0.0033932724420006103
0.7642687136515971	2.832579095330185	0.0008013248038887813	-0.0838214576334517	2.8311212991932586	0.007037694334714587	2.831846340430005	0.003533679446370186
0.8055805360111428	2.8317870478530023	0.0007779251794983249	-0.0838214576334517	2.8329177961780245	0.006962996860492293	2.832352422015513	0.0035044067861783384
0.8468923583706887	2.8304373075192517	0.0008038879267270813	-0.0838214576334517	2.821013290721351	0.006617455318829776	2.8257252991203012	0.0033238695659396577
0.8882041807302343	2.830182261513223	0.0008032690834001176	-0.0838214576334517	2.8305133350179834	0.008470561677691824	2.830339302302586	0.004254688136767753
0.9295160030897802	2.8298243968314907	0.0008123951688401573	-0.0838214576334517	2.8271644687128585	0.00999032036634361	2.828489811612148	0.0050027288775461014
0.9708278254493259	2.8271262681340543	0.0007568217181571409	-0.0838214576334517	2.81647194689469	0.00689782541298946	2.821799668380433	0.003458360972231608
1.0121396478088718	2.82797172285594	0.0007676677957941018	-0.0838214576334517	2.8385603512488995	0.007474943540642638	2.8332626230072657	0.003740978521971779
1.0534514701684174	2.827938706576482	0.0007967953607274453	-0.0838214576334517	2.8505677476428226	0.007667831085605375	2.8392532271096522	0.003850418552033412
1.0947632925279633	2.8285412271417334	0.0007785314405026284	-0.0838214576334517	2.833181422064313	0.007150245668570822	2.830858541165053	0.0035941275847532913
1.1360751148875092	2.826926517351964	0.0008158116634354854	-0.0838214576334517	2.831559518171569	0.007507266911787766	2.8292430177617662	0.003738676934969134
1.177386937247055	2.8277208697266984	0.0007799909151189611	-0.0838214576334517	2.8197960019253263	0.007277379782476647	2.823758435826013	0.0036445839199155373
1.2186987596066008	2.8294849118367846	0.0007632095306842115	-0.0838214576334517	2.823698265310995	0.0081835222911445	2.8265915885738897	0.00408539230849338
1.2600105819661465	2.8310468648677176	0.0008008637769525453	-0.0838214576334517	2.826760908255488	0.007327355105090199	2.828903886561603	0.003658229281410431
1.3013224043256921	2.8305729297758244	0.0007934868392604849	-0.0838214576334517	2.8218133372139955	0.007098232020214223	2.826193527780944	0.0035507899286323936
1.342634226685238	2.8328720473996896	0.0008247560227147107	-0.0838214576334517	2.829999278084443	0.007242327511775683	2.831434822660087	0.0036208720803372176
#
# --- Optimal ---
R0_opt      = 1.1360751148875092
energy_b    = -0.0838214576334517
E_opt       = 2.826926517351964
err_opt     = 0.0008158116634354854
tail_opt    = 0.7803897332700964
