# Stage 2: R0 optimization sweep
# N=60, nr0sq=1.0, h=0.6, R_match=0.8349980438651612
# L=10.954451150103322, L/2=5.477225575051661
#
# --- Coarse sweep ---
# R0	E/N	Error	eps_b	E_drift/N	Error_drift	E_lap/N	Error_lap
0.3	1.1528300960423665	0.0005397358389300934	-0.39572935333531395	1.148485055359161	0.0015492465923335897	1.1506575757007824	0.0009012339248555188
0.625	1.0988407774750182	0.00043334472617627753	-0.39572935333531395	1.1051247338474142	0.0013930307812382722	1.1019827556612027	0.0007760455126158781
0.95	1.016176806659519	0.00031984696512598313	-0.39572935333531395	1.010349716715189	0.001781454609497347	1.0132632616873287	0.0009211565071130196
1.275	1.0027554356607604	0.000310261628229397	-0.39572935333531395	1.003303784735033	0.0014515623646819452	1.0030296101979048	0.0007348763943459786
1.5999999999999999	1.0349208241699828	0.0004047397042370806	-0.39572935333531395	1.0339265789401682	0.0016737042322678912	1.034423701555064	0.0008489032063224088
1.9250000000000003	1.1268275907828114	0.0004928601555661319	-0.39572935333531395	1.1308776417997468	0.0018195901536980418	1.128852616291289	0.0009512202797674795
2.25	1.2549071948192927	0.0006669679163056415	-0.39572935333531395	1.2372782425701692	0.0019764940741211303	1.2460927186947566	0.0010540966744568452
2.575	1.4880569034520492	0.0008348099726765684	-0.39572935333531395	1.4904436776967465	0.003145666445159031	1.4892502905744296	0.0016752315264694153
2.9	2.4777879949218407	0.0018277234963587732	-0.39572935333531395	2.49634262229561	0.003691672861327264	2.487065308608753	0.002378612667805076
3.2250000000000005	13.338063341675218	0.01065626367702829	-0.39572935333531395	13.51347345536275	0.015019864557122502	13.425768398519354	0.011819739993906052
3.5500000000000003	20.675188938850926	0.011056261197369716	-0.39572935333531395	20.856680345566375	0.018110115942126852	20.76593464220858	0.01296967255892347
3.875	63.53156673660271	0.012440148027245532	-0.39572935333531395	63.84575605198377	0.036771227511194673	63.68866139429055	0.021199849264334596
4.2	64.34516746455081	0.014794237770656764	-0.39572935333531395	64.41021970154941	0.040979488713748916	64.37769358304982	0.02420435195511859
#
# --- Fine sweep ---
# R0	E/N	Error	eps_b	E_drift/N	Error_drift	E_lap/N	Error_lap
0.8924999999999998	1.0321188793038012	0.00010525885880512393	-0.39572935333531395	1.0325530579847464	0.0005957713904636099	1.0323359686443543	0.0003063671990841276
0.9562499999999998	1.0185598663248516	0.00010016198052239762	-0.39572935333531395	1.0195901630994026	0.0005330704220225658	1.0190750147121024	0.00027409166838683423
1.02	1.0132699510203858	9.646847570885558e-5	-0.39572935333531395	1.0096295087509222	0.0004866496386297913	1.011449729885697	0.0002486906799014207
1.0837499999999998	1.0060090710410967	9.47457575150367e-5	-0.39572935333531395	0.9921395424634677	0.0004582288293821004	0.9990743067524002	0.00023309789238980467
1.1475	1.0036720715550245	9.515201633298985e-5	-0.39572935333531395	1.006930073793952	0.0005003906746247595	1.0053010726744673	0.0002524137182364119
1.21125	1.0019098867894127	9.705536076289304e-5	-0.39572935333531395	1.001581453915727	0.0004713830093761329	1.0017456703525909	0.0002374027332566197
1.275	1.0029870401159429	0.00010092120787878648	-0.39572935333531395	0.9921480613016718	0.0004787637425779972	0.9975675507088252	0.00024128681824510024
1.3387499999999999	1.0056503376698764	0.00010374776718918983	-0.39572935333531395	1.0046324445482988	0.0005236674656661586	1.0051413911091163	0.00026359962515909696
1.4024999999999999	1.0121973678692862	0.00011028217252246047	-0.39572935333531395	1.0168714662775733	0.0004988542881059326	1.0145344170734512	0.00025147418230166656
1.46625	1.019993448964559	0.00011426280318235007	-0.39572935333531395	1.018552534111117	0.000607395768760161	1.0192729915378398	0.00030616410644793477
1.53	1.0261403057425065	0.00012082650708408166	-0.39572935333531395	1.029733534932185	0.0005454254122164705	1.0279369203372686	0.0002748644802932883
1.59375	1.0358869614641582	0.00012737368192731736	-0.39572935333531395	1.0407778082527688	0.0005708784216336443	1.0383323848585486	0.0002891531244746879
1.6575	1.0469584708466462	0.00013434722610306606	-0.39572935333531395	1.0564200396325343	0.0005810951655038772	1.0516892552395434	0.0002948704599858105
#
# --- Optimal ---
R0_opt      = 1.21125
energy_b    = -0.39572935333531395
E_opt       = 1.0019098867894127
err_opt     = 9.705536076289304e-5
