# Stage 2: R0 optimization sweep
# N=60, nr0sq=1.0, h=0.7, R_match=0.8349980438651612
# L=7.745966692414834, L/2=3.872983346207417
#
# --- Coarse sweep ---
# R0	E/N	Error	eps_b	E_drift/N	Error_drift	E_lap/N	Error_lap
0.35	2.826322181881329	0.00015038536164450422	-0.19191747761920314	2.8155527745365485	0.0008377460804781883	2.8209374782088834	0.0004333876088373108
0.6702712132915833	2.7954871352090738	0.00012655714839404847	-0.19191747761920314	2.7738238116215856	0.0007741373703359423	2.784655473415334	0.0003939081514362166
0.9905424265831666	2.7732442486324795	0.00011434968933521448	-0.19191747761920314	2.755781588109063	0.000790771589426529	2.7645129183706585	0.00039478952181551847
1.31081363987475	2.7914723537692074	0.00013202166300248835	-0.19191747761920314	2.787720054687171	0.0009565876134314911	2.78959620422818	0.00047966135180050636
1.6310848531663333	2.827358263648981	0.00015359396403884644	-0.19191747761920314	2.832502593728253	0.0008788887626686943	2.8299304286886366	0.00044180882706208166
1.9513560664579168	2.8732001079878353	0.00017557825775033612	-0.19191747761920314	2.8792937347985315	0.0009087253100166169	2.876246921393139	0.00046080031719544914
2.2716272797495	2.9237820360198765	0.0001949726141900703	-0.19191747761920314	2.9448015725655905	0.0009730954550045711	2.9342918042927484	0.000495623705290028
2.5918984930410836	2.9784290754281484	0.0002081587328341372	-0.19191747761920314	2.988422147764847	0.0009909356429997258	2.9834256115966373	0.0005109301261868056
2.9121697063326666	3.0679265240209466	0.00023736153547931552	-0.19191747761920314	3.058869643410888	0.0009597698010437053	3.0633980837157426	0.0005023305276859542
3.2324409196242505	3.3001961525147627	0.0003282219447437975	-0.19191747761920314	3.302538129230328	0.001049373435850721	3.301367140872618	0.0005762036686476691
3.5527121329158335	10.506678847058534	0.0019758604918435284	-0.19191747761920314	10.5376160717882	0.0032367442215040934	10.522147459423785	0.002345156546640339
3.872983346207417	22.58566802263853	0.0020485638592667413	-0.19191747761920314	22.547780408393866	0.004887237351809815	22.566724215517603	0.0030010005890356104
#
# --- Fine sweep ---
# R0	E/N	Error	eps_b	E_drift/N	Error_drift	E_lap/N	Error_lap
0.6933796986082166	2.79238928318459	3.9275313459916456e-5	-0.19191747761920314	2.7896889789464274	0.0002684897652987944	2.7910391310656064	0.0001362359953789377
0.7474092855127529	2.7866192532845258	3.8058845353277526e-5	-0.19191747761920314	2.7866552213168982	0.0002642786962558494	2.786637237301019	0.00013357463911124675
0.8014388724172893	2.7812817727868206	3.686542841094256e-5	-0.19191747761920314	2.7850599489411825	0.00027232831321038586	2.7831708608636188	0.0001370948493572259
0.8554684593218257	2.777271657061307	3.6289007143579196e-5	-0.19191747761920314	2.773733258159815	0.00026372592031641555	2.7755024576098557	0.0001323757096800279
0.909498046226362	2.775401356010636	3.597739133211469e-5	-0.19191747761920314	2.776435509212135	0.000268361089378555	2.775918432611319	0.00013446524885841907
0.9635276331308984	2.7729132335772997	3.609859955022355e-5	-0.19191747761920314	2.778685294075723	0.0002753377167374147	2.7757992638269173	0.000137720392307807
1.0175572200354348	2.7742456736149035	3.652182402137747e-5	-0.19191747761920314	2.776938654732218	0.0002651459662920587	2.7755921641733616	0.00013257424017437374
1.0715868069399712	2.775121171358067	3.711639904753972e-5	-0.19191747761920314	2.77262639777754	0.00026511744226715616	2.773873784568326	0.00013234627291073105
1.1256163938445076	2.777152851358167	3.796654938668742e-5	-0.19191747761920314	2.7789235158822527	0.000269249968142207	2.7780381836197745	0.00013452417958041352
1.1796459807490438	2.7806713420821443	3.9068089131496427e-5	-0.19191747761920314	2.7786336512585708	0.00027664642883131027	2.7796524966690592	0.0001382423353439131
1.2336755676535802	2.7832956897560583	4.0178085797701965e-5	-0.19191747761920314	2.7886589998896048	0.00027239989957419274	2.7859773448222485	0.00013610450461699157
1.2877051545581166	2.7886206765103783	4.137214681001715e-5	-0.19191747761920314	2.7896585128671942	0.00027932539023489835	2.7891395946885944	0.0001396565460049412
#
# --- Optimal ---
R0_opt      = 0.9635276331308984
energy_b    = -0.19191747761920314
E_opt       = 2.7729132335772997
err_opt     = 3.609859955022355e-5
