# Stage 2: R0 optimization sweep
# N=60, nr0sq=1.0, h=1.02, R_match=0.8349980438651612
# L=7.745966692414834, L/2=3.872983346207417
#
# --- Coarse sweep ---
# R0	E/N	Error	eps_b	E_drift/N	Error_drift	E_lap/N	Error_lap
0.51	2.849755586911571	0.000282603501717896	-0.06303725534428048	2.84088077262499	0.0024378734638562803	2.8453181797683755	0.0012144999150610026
0.8157257587461288	2.8466386866612465	0.00028290866666099476	-0.06303725534428048	2.859217961551775	0.0027827404118866885	2.852928324106506	0.0013941766270983988
1.1214515174922575	2.8475450371603226	0.000277257422731843	-0.06303725534428048	2.865225262873688	0.002632662140507255	2.856385150017017	0.0013190786708464324
1.4271772762383863	2.847611446498726	0.00029630209806612995	-0.06303725534428048	2.8752658938648215	0.0026243567434817835	2.861438670181843	0.001316361938570791
1.7329030349845151	2.853772187234898	0.0003037109571678585	-0.06303725534428048	2.805862910945214	0.0023184681955487597	2.8298175490900914	0.0011618669171333197
2.038628793730644	2.865157023032429	0.00031701239105790853	-0.06303725534428048	2.9159595747059117	0.002878646018300512	2.8905582988691996	0.0014461435411182158
2.344354552476773	2.868758874453511	0.00031744136429346823	-0.06303725534428048	2.85661658319582	0.002664179880358093	2.8626877288246257	0.0013424168853478544
2.6500803112229017	2.876986596699688	0.00033545031394597864	-0.06303725534428048	2.832964104112082	0.002658142501940956	2.8549753504057422	0.0013342924617315887
2.9558060699690305	2.877747635057713	0.0003498817925557883	-0.06303725534428048	2.8929926292644392	0.003079182590505466	2.8853701321611513	0.0015503114070532999
3.26153182871516	2.883863581873746	0.0003635610263523654	-0.06303725534428048	2.9372281636594844	0.003942156303550373	2.9105458727666607	0.0019784196769951274
3.567257587461288	2.894408250679077	0.00035183125077201897	-0.06303725534428048	2.887033741306966	0.0026892745716223998	2.8907209959931577	0.0013529320642323146
3.872983346207417	2.908217758720592	0.0003882967578868827	-0.06303725534428048	2.8711961555285725	0.0025754793456589787	2.8897069571245098	0.001310485973351856
#
# --- Fine sweep ---
# R0	E/N	Error	eps_b	E_drift/N	Error_drift	E_lap/N	Error_lap
0.5710080311222901	2.849113144525369	8.923336528024715e-5	-0.06303725534428048	2.86015465283423	0.0008390919180365881	2.854633898679855	0.00042094766953817406
0.6155021634175335	2.8507867590736984	8.883248880395081e-5	-0.06303725534428048	2.855461584834173	0.0008754885485812523	2.8531241719536897	0.000439761673104069
0.659996295712777	2.84849270396274	8.936526203804982e-5	-0.06303725534428048	2.844322084883082	0.0008169914928552781	2.846407394423331	0.00040968602558124386
0.7044904280080203	2.8466500036198097	8.759050808861954e-5	-0.06303725534428048	2.8627553396613155	0.0008688971548870875	2.8547026716404327	0.0004353601239553403
0.7489845603032637	2.845740948997793	8.884155161328642e-5	-0.06303725534428048	2.8555048407871895	0.0008302354688102353	2.8506228948923042	0.000416625580070643
0.793478692598507	2.8460681143329825	8.669984851091464e-5	-0.06303725534428048	2.8407339981830457	0.0007825983165803438	2.8434010562579877	0.0003923522059541192
0.8379728248937505	2.8454471341449192	8.649843219710598e-5	-0.06303725534428048	2.8485291944028353	0.0008147808764400327	2.8469881642738524	0.0004089072145927293
0.8824669571889939	2.845505164565744	8.61283393614984e-5	-0.06303725534428048	2.842930433912855	0.0008681882564749911	2.8442177992393414	0.00043525436886364806
0.9269610894842373	2.845285282318363	8.643613557944024e-5	-0.06303725534428048	2.835047102130348	0.0008096841528997378	2.8401661922238928	0.00040568572429223635
0.9714552217794807	2.8444315955662844	8.693589363275123e-5	-0.06303725534428048	2.8575301205861634	0.0008442025788801762	2.850980858076123	0.00042218024339416303
1.015949354074724	2.844010489650971	8.655333011472461e-5	-0.06303725534428048	2.8398975788142655	0.0007796662423591837	2.8419540342325686	0.0003910650961245931
1.0604434863699674	2.8440222348442146	8.621862847720979e-5	-0.06303725534428048	2.8392903704221633	0.0008026637581604216	2.8416563026329635	0.00040181682316241084
#
# --- Optimal ---
R0_opt      = 1.015949354074724
energy_b    = -0.06303725534428048
E_opt       = 2.844010489650971
err_opt     = 8.655333011472461e-5
