# Stage 2: R0 optimization sweep
# N=60, nr0sq=1.0, h=1.5, R_match=0.8349980438651612
# L=7.745966692414834, L/2=3.872983346207417
#
# --- Coarse sweep ---
# R0	E/N	Error	eps_b	E_drift/N	Error_drift	E_lap/N	Error_lap
0.75	2.8888130240127055	0.00025568577138630077	-0.035437445294259344	2.851384581746119	0.002265228925195436	2.8700988028792764	0.0011333352277283688
1.0339075769279469	2.887133222745096	0.0002565317522786482	-0.035437445294259344	2.873221166475686	0.002618706531027944	2.8801771946103667	0.0013108866186931746
1.3178151538558938	2.887444735671875	0.00025449412730428036	-0.035437445294259344	2.8442052842834133	0.002342319086821766	2.865825009977725	0.0011713498133421754
1.6017227307838409	2.888270441820794	0.0002571320419673697	-0.035437445294259344	2.8781168824166974	0.0026269270916026307	2.883193662118716	0.0013160786709733266
1.885630307711788	2.8897410200599074	0.0002544798511548157	-0.035437445294259344	2.880316893856261	0.0024715071403271236	2.8850289569580667	0.0012401043939321522
2.169537884639735	2.889714568271887	0.0002693729853490116	-0.035437445294259344	2.9240821615230295	0.0025645442219520086	2.906898364897444	0.0012815061637848216
2.4534454615676817	2.890685122812056	0.00026248231989817	-0.035437445294259344	2.909252907515325	0.00270794130359769	2.899969015163651	0.001352574427679594
2.7373530384956286	2.8941488922290604	0.0002611655145804271	-0.035437445294259344	2.8734109940094026	0.002270031392270439	2.883779943119165	0.0011363956460723502
3.021260615423576	2.8944379451915405	0.00026776038490035684	-0.035437445294259344	2.9090020474697287	0.0024467249466393866	2.901719996330682	0.0012243496453048807
3.3051681923515233	2.8962143623231626	0.00027151386733359045	-0.035437445294259344	2.9351591475733634	0.0032219793562593604	2.915686754948242	0.0016143868096077133
3.58907576927947	2.8961725217390555	0.00026906355888068446	-0.035437445294259344	2.8919615713773363	0.0024088299471599064	2.8940670465582086	0.0012060321509933113
3.872983346207417	2.9023653935750526	0.00028093523477201737	-0.035437445294259344	2.9067506931621794	0.0023213855397109222	2.9045580433686284	0.0011607854842064374
#
# --- Fine sweep ---
# R0	E/N	Error	eps_b	E_drift/N	Error_drift	E_lap/N	Error_lap
0.7237353038495627	2.8883293437949047	7.962813777115709e-5	-0.035437445294259344	2.886571928172505	0.0009089418321263045	2.887450635983676	0.00045531704405061754
0.7801302625910872	2.888462960548807	8.074909188009504e-5	-0.035437445294259344	2.9073802094421106	0.0009097023373800872	2.8979215849954603	0.0004555195555476481
0.8365252213326114	2.887285047144579	7.960928553245599e-5	-0.035437445294259344	2.8902072214391343	0.0008195815574475131	2.888746134291662	0.00041037906168899603
0.892920180074136	2.887334524710618	8.107499485811965e-5	-0.035437445294259344	2.8842905147486984	0.0008182944162865722	2.8858125197297673	0.00040923880764018636
0.9493151388156602	2.8881495136685404	7.939171516125488e-5	-0.035437445294259344	2.8913504027088073	0.0008236523638724281	2.8897499581885078	0.0004126457016296549
1.0057100975571847	2.8876959096124377	8.04020003432714e-5	-0.035437445294259344	2.8815825601719123	0.0008020119900055337	2.88463923489203	0.00040123297814655937
1.062105056298709	2.8864882883206064	8.09131212651951e-5	-0.035437445294259344	2.8848375215789934	0.000820512471281784	2.8856629049496125	0.00041056973232691065
1.1185000150402336	2.8884916783139873	8.07099700496425e-5	-0.035437445294259344	2.887306737484849	0.0008399026758558845	2.8878992078993226	0.00041990409642689
1.1748949737817578	2.888421947323134	8.024912283114415e-5	-0.035437445294259344	2.883360361626033	0.0008228521554028406	2.8858911544744794	0.0004116009508671232
1.2312899325232822	2.8878382717520066	8.023687339075307e-5	-0.035437445294259344	2.893049567699768	0.0008454000608549809	2.8904439197259837	0.0004230581264134227
1.2876848912648067	2.888482349975571	8.03187038705255e-5	-0.035437445294259344	2.8797238305389317	0.0008606313231213726	2.884103090257138	0.00043048089662954016
1.344079850006331	2.8882354934370387	7.98899733581266e-5	-0.035437445294259344	2.8789642792909684	0.0008074289375973805	2.883599886364059	0.0004043488254176847
#
# --- Optimal ---
R0_opt      = 1.062105056298709
energy_b    = -0.035437445294259344
E_opt       = 2.8864882883206064
err_opt     = 8.09131212651951e-5
