# Stage 2: R0 optimization sweep
# N=60, nr0sq=1.0, h=1.26, R_match=0.8349980438651612
# L=7.745966692414834, L/2=3.872983346207417
#
# --- Coarse sweep ---
# R0	E/N	Error	eps_b	E_drift/N	Error_drift	E_lap/N	Error_lap
0.63	2.868480031020176	0.0002588966494327512	-0.04409270845301708	2.8637651505714605	0.0025014674263984845	2.8661225907958374	0.0012510802286384765
0.924816667837038	2.873006822342203	0.0002591262222380984	-0.04409270845301708	2.8378544869596753	0.0023469932331064425	2.8554306546509465	0.0011746197640956624
1.2196333356740756	2.86468491739118	0.00026664611980185794	-0.04409270845301708	2.862403744961541	0.002411926014479949	2.863544331176351	0.0012015930747435947
1.5144500035111137	2.864197663557374	0.00026569841320026836	-0.04409270845301708	2.8630584150862157	0.002502116637083357	2.8636280393218616	0.0012531379414589638
1.8092666713481516	2.867608351177042	0.00027534013281779393	-0.04409270845301708	2.853517860834953	0.002528272806385146	2.8605631060059835	0.0012651609086081301
2.1040833391851894	2.8735302460011245	0.0002730816664399742	-0.04409270845301708	2.882677415899838	0.002903548224789122	2.8781038309504514	0.0014547707525382422
2.3989000070222275	2.876856932976518	0.00028588378213237136	-0.04409270845301708	2.845586844971476	0.00232774660835675	2.86122188897389	0.0011648704019955657
2.693716674859265	2.8785694472447165	0.0002886980205594269	-0.04409270845301708	2.9400341684010085	0.002925807675425836	2.909301807822892	0.0014598309565487684
2.988533342696303	2.879393558195978	0.00029619216309689203	-0.04409270845301708	2.9085546122545813	0.0028283626281086402	2.8939740852253077	0.0014177498819718359
3.2833500105333417	2.889195220084328	0.00029556253571678845	-0.04409270845301708	2.878271280837592	0.002603008427068439	2.8837332504610287	0.0013054750604314176
3.578166678370379	2.8887676310099453	0.00030349467920461553	-0.04409270845301708	2.8508505199115026	0.002441182603325773	2.869809075460604	0.0012228037736157975
3.872983346207417	2.8882014293999547	0.0003052569459158506	-0.04409270845301708	2.8618055998546974	0.002446854006216141	2.8750035146272834	0.0012326636456072737
#
# --- Fine sweep ---
# R0	E/N	Error	eps_b	E_drift/N	Error_drift	E_lap/N	Error_lap
1.0601150024577795	2.867084294998955	8.220264220876437e-5	-0.04409270845301708	2.8643719362380278	0.0007987946603905396	2.865728115618397	0.00040003156863936413
1.1427213662856583	2.8666261092893426	8.21355156050311e-5	-0.04409270845301708	2.875929879620029	0.0008586793393908118	2.8712779944548656	0.00042923765033904375
1.2253277301135372	2.8670688519764247	8.192571836743516e-5	-0.04409270845301708	2.8595913295743776	0.0008114757418855021	2.8633300907756776	0.0004058993759978843
1.3079340939414164	2.8663207493403755	8.259847810278186e-5	-0.04409270845301708	2.8663153518709636	0.0008013293165354158	2.866318050605831	0.00040170378469781785
1.3905404577692952	2.866730779667231	8.247454627464749e-5	-0.04409270845301708	2.853556078337207	0.0008123994644829411	2.8601434290021315	0.0004062844471119056
1.4731468215971741	2.8684220003923984	8.397278480731598e-5	-0.04409270845301708	2.8836451425828833	0.0008672514775004334	2.876033571487883	0.00043419138320203006
1.555753185425053	2.868719037046401	8.373378416740653e-5	-0.04409270845301708	2.8728382914700727	0.0008775474167835339	2.870778664258262	0.00043907168015597145
1.638359549252932	2.868397512375837	8.496369827827565e-5	-0.04409270845301708	2.861928773369791	0.000818050674094441	2.8651631428728015	0.000409285737963897
1.720965913080811	2.868346352928687	8.499740643499442e-5	-0.04409270845301708	2.865097585500078	0.000785396798411154	2.8667219692145425	0.0003934841621705603
1.8035722769086902	2.869537728710676	8.583103607208604e-5	-0.04409270845301708	2.8683219845603762	0.0008280535527487532	2.8689298566353987	0.0004147578738375981
1.886178640736569	2.8697579517712684	8.589626013776119e-5	-0.04409270845301708	2.8638042596848803	0.0007913239972200494	2.866781105728083	0.00039590691659869887
1.968785004564448	2.872131187960725	8.683233441527924e-5	-0.04409270845301708	2.871001966055158	0.0009091605397517705	2.8715665770079126	0.0004549619410566325
#
# --- Optimal ---
R0_opt      = 1.3079340939414164
energy_b    = -0.04409270845301708
E_opt       = 2.8663207493403755
err_opt     = 8.259847810278186e-5
