# Stage 2: R0 optimization sweep
# N=60, nr0sq=1.0, h=0.72, R_match=0.8349980438651612
# L=7.745966692414834, L/2=3.872983346207417
#
# --- Coarse sweep ---
# R0	E/N	Error	eps_b	E_drift/N	Error_drift	E_lap/N	Error_lap
0.36	2.829632525309758	0.0004422352785942405	-0.1712259835762059	2.807964666442862	0.002548688653662094	2.81879859587639	0.0013122835142262003
0.6793621223824924	2.8060866446208736	0.000378550826006156	-0.1712259835762059	2.8155354910740145	0.0026323597414460672	2.8108110678474953	0.001328905383396991
0.9987242447649849	2.7732375157751985	0.0003423288399918147	-0.1712259835762059	2.780625133587036	0.0023527020156892766	2.7769313246810827	0.0011717442354706009
1.3180863671474774	2.7940647645128234	0.0003992829166702068	-0.1712259835762059	2.797648099781127	0.0029069833670448907	2.7958564321470423	0.0014515817838195132
1.6374484895299697	2.8249672637380043	0.00044975201978168235	-0.1712259835762059	2.8238467822010245	0.002799937181438989	2.8244070229695755	0.0014044344041305367
1.9568106119124622	2.8646032458142994	0.0005246230933180012	-0.1712259835762059	2.876040009011563	0.002764785157685483	2.8703216274128787	0.0014008860003069266
2.2761727342949545	2.917938896256086	0.0005763306699829964	-0.1712259835762059	2.9338511628397663	0.003061000357359311	2.925895029547971	0.0015694810490984074
2.595534856677447	2.9594017025789183	0.000616566070763759	-0.1712259835762059	2.952640320171715	0.003086658688267434	2.9560210113752943	0.0015778062365596711
2.9148969790599395	3.0311487933792423	0.0006726151992123585	-0.1712259835762059	2.9969337884900327	0.0029876229970679036	3.0140412909345553	0.001536536769345675
3.2342591014424324	3.1452212092123255	0.000798220972805537	-0.1712259835762059	3.1548383243331783	0.0029166213323648703	3.150029766772691	0.001552527769859859
3.5536212238249245	4.093489425760949	0.0021650102094334816	-0.1712259835762059	4.078806621846288	0.004226797809912244	4.086148023803767	0.0028132322357559097
3.872983346207417	16.275783219277205	0.006158105690057327	-0.1712259835762059	16.17988012759916	0.011796852665021253	16.22783167343801	0.007866510446792188
#
# --- Fine sweep ---
# R0	E/N	Error	eps_b	E_drift/N	Error_drift	E_lap/N	Error_lap
0.6991069713354894	2.7984627499687336	0.0001186103063389783	-0.1712259835762059	2.781794834893992	0.0008420349279545465	2.79012879243144	0.00042665376078699176
0.7535828392317613	2.793332729384974	0.00011626630156357708	-0.1712259835762059	2.780415138325003	0.0007755601025588587	2.7868739338548543	0.0003917594296593382
0.8080587071280332	2.789338782661874	0.00011314323221321857	-0.1712259835762059	2.789977867501032	0.0008162861643582232	2.78965832508157	0.0004111329544773367
0.8625345750243052	2.786134225925072	0.00011139670118107829	-0.1712259835762059	2.7729754713102706	0.0008230830703893632	2.7795548486175474	0.00041305032439617874
0.917010442920577	2.7833821896271247	0.00011043805228276681	-0.1712259835762059	2.790340620909984	0.0008844402426225039	2.78686140526853	0.0004428257386361359
0.9714863108168488	2.783065279723717	0.00010950013795076792	-0.1712259835762059	2.7680045737645953	0.0008209187068083795	2.7755349267441187	0.0004115144164505496
1.0259621787131208	2.784066297960784	0.00011229298209547859	-0.1712259835762059	2.7728269981940374	0.001156304117707498	2.7784466480772565	0.000578057469490563
1.0804380466093928	2.782393427816899	0.00011358118660064087	-0.1712259835762059	2.774479024186909	0.0008343819539447494	2.7784362260017423	0.0004166984613447382
1.1349139145056648	2.786356903343882	0.00011605061753630072	-0.1712259835762059	2.788345245903246	0.0008286448334768251	2.787351074623664	0.0004143061659382414
1.1893897824019366	2.7877228690287192	0.0001195925204147236	-0.1712259835762059	2.795007835042931	0.0008610324234080087	2.7913653520357786	0.0004306862621234221
1.2438656502982084	2.7916757504229506	0.00012125292247255464	-0.1712259835762059	2.801549338455848	0.0008782674136555652	2.7966125444394985	0.00044000833794213335
1.2983415181944804	2.7959411533892933	0.0001253323368926736	-0.1712259835762059	2.799362085495879	0.0008620715260907436	2.7976516194427323	0.00043144689664829656
#
# --- Optimal ---
R0_opt      = 1.0804380466093928
energy_b    = -0.1712259835762059
E_opt       = 2.782393427816899
err_opt     = 0.00011358118660064087
