# Stage 2: R0 optimization sweep
# N=60, nr0sq=1.0, h=0.54, R_match=0.8349980438651612
# L=7.745966692414834, L/2=3.872983346207417
#
# --- Coarse sweep ---
# R0	E/N	Error	eps_b	E_drift/N	Error_drift	E_lap/N	Error_lap
0.27	2.8149898125467483	0.0008484138748147367	-0.6904101347498139	2.7813808314724087	0.0024313242275037436	2.7981853220095014	0.0013987509608582702
0.5890909090909091	2.7004454471474775	0.0006501988605884967	-0.6904101347498139	2.66474813375249	0.0025562776294999366	2.6825967904499635	0.0013709560500565759
0.9081818181818183	2.6158926642332085	0.0005486155260174406	-0.6904101347498139	2.6424781603710077	0.003151086519417796	2.6291854123020904	0.001585050961890593
1.2272727272727273	2.684388468279931	0.0007364353796407785	-0.6904101347498139	2.7043392902349352	0.0029062548310719465	2.6943638792574656	0.0014753717527507424
1.5463636363636366	2.8367177490023603	0.0009236959712839355	-0.6904101347498139	2.8282534398763985	0.0035009193397873817	2.8324855944393943	0.001788994636889432
1.8654545454545455	3.0974626945760333	0.0011195446832621705	-0.6904101347498139	3.0687469518106485	0.005221352208702655	3.083104823193333	0.0027016365706707354
2.1845454545454546	3.6377528429588875	0.0016655143506811995	-0.6904101347498139	3.644504330093492	0.0047559933463182215	3.6411285865261585	0.0026273294073451132
2.503636363636364	19.98455434638329	0.013625866407858147	-0.6904101347498139	19.878873712614293	0.02018700775580942	19.931714029499343	0.015599820253657198
2.822727272727273	27.398539080189963	0.007953891402124201	-0.6904101347498139	27.716789481723193	0.020734226877709715	27.5576642809562	0.01239779713808327
3.1418181818181825	94.07276532177599	0.018878271205758527	-0.6904101347498139	94.61939806123033	0.04676099022111969	94.34608169150098	0.028340393073451688
3.460909090909091	101.7905996356096	0.018398689218711694	-0.6904101347498139	101.84642458081824	0.052316695486643035	101.8185121082129	0.030423756126990564
3.7800000000000002	105.26171861203365	0.017650144916466375	-0.6904101347498139	104.78638892347358	0.05228177265449869	105.02405376775467	0.030274390622387664
#
# --- Fine sweep ---
# R0	E/N	Error	eps_b	E_drift/N	Error_drift	E_lap/N	Error_lap
0.6357272727272728	2.6740594732757206	0.00019125637384237993	-0.6904101347498139	2.675743129609988	0.0008745743410226554	2.674901301442802	0.0004556808501374087
0.6852644628099174	2.6557483054471374	0.00018235202498038974	-0.6904101347498139	2.6568629468385794	0.0008672843108590016	2.6563056261428297	0.00044775879914745896
0.734801652892562	2.6426185793024164	0.00017349740343343325	-0.6904101347498139	2.6380608741671816	0.000870759961672281	2.6403397267350814	0.00044521856512368195
0.7843388429752067	2.626871297472422	0.00017050976143426105	-0.6904101347498139	2.6493545676387873	0.0009101659277132323	2.6381129325556434	0.0004606028235830114
0.8338760330578514	2.619289642851283	0.00016834789042080402	-0.6904101347498139	2.6134608187471287	0.0009512598187122226	2.6163752307993806	0.00047932752714147987
0.883413223140496	2.612630791072	0.000169782619003956	-0.6904101347498139	2.6285137792771054	0.0009059482169259929	2.62057228517444	0.000452420704962954
0.9329504132231407	2.611441134371853	0.0001751494436100627	-0.6904101347498139	2.6217329040729966	0.0008808338869191861	2.6165870192224787	0.00044133286566727816
0.9824876033057853	2.6140963532733066	0.00017967495318108162	-0.6904101347498139	2.6074220532838175	0.0009219347077564211	2.6107592032784117	0.000460055147017427
1.03202479338843	2.628177897838729	0.00018931575492445537	-0.6904101347498139	2.633448383658443	0.000943753815907087	2.630813140748695	0.00047082978719274407
1.0815619834710746	2.6388817006899172	0.0001948978498802436	-0.6904101347498139	2.6129671349844177	0.0008719548377661929	2.625924417837306	0.0004365752555371208
1.1310991735537193	2.6448387174071573	0.00020587736300347608	-0.6904101347498139	2.651030900693501	0.0009217495692730347	2.6479348090504398	0.0004628721463877454
1.180636363636364	2.6616737206325993	0.0002145673558912908	-0.6904101347498139	2.659521254566749	0.0009575282902311758	2.660597487599485	0.00048139947204333484
#
# --- Optimal ---
R0_opt      = 0.9329504132231407
energy_b    = -0.6904101347498139
E_opt       = 2.611441134371853
err_opt     = 0.0001751494436100627
