# Stage 2: R0 optimization sweep
# N=60, nr0sq=1.0, h=0.96, R_match=0.8349980438651612
# L=7.745966692414834, L/2=3.872983346207417
#
# --- Coarse sweep ---
# R0	E/N	Error	eps_b	E_drift/N	Error_drift	E_lap/N	Error_lap
0.48	2.8493662673453883	0.0002972690665557939	-0.07176806464342464	2.8551249227188125	0.002803884221609738	2.852245595032156	0.001413350054394735
0.7884530314734015	2.8429926227644104	0.00027679648628368785	-0.07176806464342464	2.870388038283785	0.0025987908888384526	2.8566903305241054	0.0013095375620056275
1.096906062946803	2.839218474781599	0.00028862177498417414	-0.07176806464342464	2.870374969585885	0.002673075100209068	2.8547967221838673	0.0013381350720599976
1.4053590944202046	2.838178214486257	0.00029891340760234434	-0.07176806464342464	2.8476001439612983	0.0025143704983183633	2.842889179223722	0.0012602407763541775
1.713812125893606	2.847145139706664	0.0003114715750111071	-0.07176806464342464	2.830528566193609	0.002415537220074522	2.8388368529501897	0.0012059990432953804
2.022265157367008	2.858708547017598	0.00033358409929388805	-0.07176806464342464	2.851876433787838	0.0027946346084326066	2.855292490402689	0.0014037294072984522
2.330718188840409	2.8677248280095426	0.00037164158561080017	-0.07176806464342464	2.8981903358669565	0.0025676485127271442	2.882957581938245	0.0012899898056914394
2.6391712203138105	2.8787610635401477	0.0003748105300441552	-0.07176806464342464	2.9317152048277277	0.0027483484450994845	2.90523813418401	0.001382268231791898
2.947624251787212	2.8854134561286284	0.0003682823142144982	-0.07176806464342464	2.861666026422593	0.0024200322102753903	2.8735397412756254	0.001213922364717554
3.2560772832606144	2.899532554422947	0.0003729862765260073	-0.07176806464342464	2.8941392372335164	0.0027244123360894825	2.896835895828239	0.0013705002284260656
3.5645303147340153	2.90492648706265	0.0003867032488419627	-0.07176806464342464	2.907307366609449	0.002550440401065395	2.906116926836035	0.001279354009844502
3.872983346207417	2.9235435030684034	0.00041494156492541536	-0.07176806464342464	2.917691131574272	0.002452289160276184	2.920617317321399	0.001249571280845446
#
# --- Fine sweep ---
# R0	E/N	Error	eps_b	E_drift/N	Error_drift	E_lap/N	Error_lap
0.9837513660941432	2.83524715739225	8.990814329358512e-5	-0.07176806464342464	2.847890939341252	0.0010893275504926365	2.841569048366597	0.0005448887680744711
1.0604073166988817	2.837309822712622	8.949663900751767e-5	-0.07176806464342464	2.8478784783554767	0.0008511597450395219	2.8425941505338437	0.0004257991482728095
1.13706326730362	2.837138122684263	8.927540094966393e-5	-0.07176806464342464	2.850213091519247	0.0008478334163031376	2.843675607101721	0.0004243381708105766
1.2137192179083585	2.837410086504443	9.012693862357808e-5	-0.07176806464342464	2.846012418272502	0.0008842976780381088	2.841711252388601	0.00044252488561657744
1.2903751685130969	2.8390183421064434	9.224811877057657e-5	-0.07176806464342464	2.833434313463102	0.0008050176811662903	2.836226327784667	0.0004028460090697354
1.3670311191178353	2.839522276597219	9.284332168648027e-5	-0.07176806464342464	2.83799895099708	0.0008086751804954846	2.838760613796853	0.000404224585154302
1.4436870697225739	2.840160686372888	9.42158982624712e-5	-0.07176806464342464	2.8341997590104113	0.0008258966957792133	2.837180222691717	0.00041321778541379483
1.5203430203273123	2.843444282863301	9.619247114979632e-5	-0.07176806464342464	2.8378535840006185	0.0008349799445687463	2.8406489334321816	0.0004182027774075052
1.596998970932051	2.8451724106161476	9.805362295179679e-5	-0.07176806464342464	2.8356910566603712	0.0007737006089846641	2.8404317336379497	0.00038707848727627544
1.673654921536789	2.8484507012842157	9.929362070301692e-5	-0.07176806464342464	2.840458740510571	0.0008451677413743054	2.8444547208971573	0.0004227622224420687
1.7503108721415275	2.849570262264235	0.00010196095079540742	-0.07176806464342464	2.8527542546290814	0.0009753580745345237	2.8511622584462546	0.0004884093429732262
1.826966822746266	2.8500162312215584	0.00010214969411786166	-0.07176806464342464	2.8536475465123288	0.000905368927978729	2.8518318888670815	0.0004540767962185721
#
# --- Optimal ---
R0_opt      = 0.9837513660941432
energy_b    = -0.07176806464342464
E_opt       = 2.83524715739225
err_opt     = 8.990814329358512e-5
