# Stage 2: R0 optimization sweep
# N=60, nr0sq=1.0, h=0.66, R_match=0.8349980438651612
# L=7.745966692414834, L/2=3.872983346207417
#
# --- Coarse sweep ---
# R0	E/N	Error	eps_b	E_drift/N	Error_drift	E_lap/N	Error_lap
0.33	2.8166720443807867	0.0005478482096249912	-0.2482569927745878	2.8234013345897977	0.002587740505226282	2.8200366894852995	0.0013539065223142966
0.6520893951097652	2.7854222278352534	0.00044050264788403576	-0.2482569927745878	2.750483928248742	0.002442737708805864	2.7679530780420496	0.0012546146154415363
0.9741787902195304	2.7466627355855664	0.00038837470966586354	-0.2482569927745878	2.700785170292834	0.0023505331347297275	2.7237239529391997	0.0011732067217101883
1.2962681853292954	2.77030325660033	0.00046757008314600267	-0.2482569927745878	2.8173965601047843	0.0026684695453793182	2.793849908352441	0.0013320783566597454
1.6183575804390606	2.8285137474868014	0.0005461407455279971	-0.2482569927745878	2.7913055525300994	0.0025842720378948434	2.8099096500085037	0.0013057095167406578
1.9404469755488258	2.8847820896944243	0.0006181500692028428	-0.2482569927745878	2.9180898393370307	0.0032145543584285665	2.9014359645157195	0.0016323302119271269
2.262536370658591	2.9609080321456585	0.0007070712474614476	-0.2482569927745878	2.9380989323341122	0.002862351235848825	2.9495034822399577	0.00148484921692966
2.5846257657683562	3.060390087667319	0.0008160723352664469	-0.2482569927745878	3.076585976872927	0.0030069522093228974	3.0684880322700816	0.0015941367316441816
2.906715160878121	3.263794571853636	0.0010209494863531272	-0.2482569927745878	3.268706754191152	0.003082497729222708	3.266250663022424	0.0017134353855002545
3.228804555987887	5.72411897172544	0.004818617754008748	-0.2482569927745878	5.6665165758514044	0.006679829707331516	5.695317773788593	0.005294776705432285
3.5508939510976516	28.46490789509202	0.009018862694265006	-0.2482569927745878	28.430291215114902	0.01861639106604663	28.447599555102475	0.012083026199594426
3.872983346207417	36.04549708188475	0.00832459835053915	-0.2482569927745878	36.04548720163306	0.023652401708336244	36.04549214175718	0.01357723164359484
#
# --- Fine sweep ---
# R0	E/N	Error	eps_b	E_drift/N	Error_drift	E_lap/N	Error_lap
0.6819251531536712	2.774286590929756	0.00013500816239796874	-0.2482569927745878	2.7716985400903793	0.0008226937486497392	2.7729925655103274	0.00041907753683064587
0.7350621780747365	2.7650540819202853	0.00013085896539542766	-0.2482569927745878	2.757720485721009	0.0008504792245798366	2.761387283820513	0.0004306166317005063
0.7881992029958018	2.7615649658765813	0.00012516267831682464	-0.2482569927745878	2.7605857463805927	0.0008753156827540108	2.761075356128608	0.0004419588673578173
0.841336227916867	2.755131239471945	0.00012485059653272185	-0.2482569927745878	2.7532456396769187	0.0008670475597590178	2.754188439574571	0.00043547169337114305
0.8944732528379324	2.752940847018255	0.00012230320135733934	-0.2482569927745878	2.7587617757087286	0.0009286463724020105	2.7558513113631506	0.0004651875319379301
0.9476102777589976	2.7523778288268455	0.00012211216669129153	-0.2482569927745878	2.7532634458999703	0.0008635273661600976	2.75282063736379	0.0004324613419110423
1.0007473026800628	2.752265023575033	0.00012406508443020835	-0.2482569927745878	2.743852289606511	0.0008114700742121013	2.7480586565908576	0.0004048694109972239
1.0538843276011283	2.751284924960444	0.00012910338002458644	-0.2482569927745878	2.764737152774094	0.0008454789383715961	2.7580110388672754	0.00042172227802421685
1.1070213525221937	2.755160608833366	0.00013065557911338502	-0.2482569927745878	2.7439950522964964	0.000831898573110238	2.74957783056487	0.000415180666465175
1.160158377443259	2.759484107745373	0.00013472201990552855	-0.2482569927745878	2.75849682652671	0.0008643280737777577	2.758990467136356	0.00043176809965457107
1.2132954023643243	2.763672221449171	0.0001392408646462862	-0.2482569927745878	2.7828670629779517	0.0009278879675462098	2.7732696422135272	0.00046357163384036124
1.2664324272853895	2.7701016237612817	0.00014364743046373768	-0.2482569927745878	2.7624356838873756	0.0008337540067426948	2.7662686538243197	0.00041669356847338104
#
# --- Optimal ---
R0_opt      = 1.0538843276011283
energy_b    = -0.2482569927745878
E_opt       = 2.751284924960444
err_opt     = 0.00012910338002458644
