# Stage 2: R0 optimization sweep
# N=60, nr0sq=1.0, h=0.78, R_match=0.8349980438651612
# L=7.745966692414834, L/2=3.872983346207417
#
# --- Coarse sweep ---
# R0	E/N	Error	eps_b	E_drift/N	Error_drift	E_lap/N	Error_lap
0.39	2.831937351958929	0.0003777359126708276	-0.12778237630050066	2.826039422123526	0.002640996352950479	2.828988387041192	0.0013457404309843663
0.7066348496552197	2.8155755922509056	0.00035025349559352815	-0.12778237630050066	2.8019680527713984	0.0024649706304019307	2.8087718225111096	0.001242624350569575
1.0232696993104393	2.804524585186519	0.0003327141608406033	-0.12778237630050066	2.8311623591320143	0.002601555011199292	2.8178434721592427	0.0013070344917573136
1.3399045489656591	2.811200349352677	0.00035328848486597376	-0.12778237630050066	2.824809894175906	0.004345500953112425	2.8180051217642856	0.002175002808251553
1.656539398620879	2.833262638065082	0.00041095664342537675	-0.12778237630050066	2.8329475163191233	0.003143256784245144	2.833105077192191	0.0015841627489365186
1.9731742482760986	2.8630086128924663	0.0004511876619283137	-0.12778237630050066	2.85196101294112	0.002649555106018454	2.857484812916757	0.0013275044883166004
2.289809097931318	2.886860376250757	0.00048225419781280454	-0.12778237630050066	2.902137695536749	0.0027469051380754556	2.8944990358937934	0.0013809809034286491
2.6064439475865377	2.908457458179377	0.0005116445964511299	-0.12778237630050066	2.911127951250771	0.0024344133152970375	2.9097927047151466	0.0012364599518621857
2.923078797241758	2.9421600215599573	0.0005317352348821767	-0.12778237630050066	2.921404664230932	0.0028016597646787927	2.9317823428953624	0.0014239065763688847
3.239713646896978	2.982651279223196	0.0005650565358404091	-0.12778237630050066	2.977017241154107	0.0030287519146395417	2.9798342601886048	0.001545241531116577
3.5563484965521974	3.1098739832535545	0.0007352004301180261	-0.12778237630050066	3.111587519053964	0.002852898250525329	3.110730751153698	0.0015022703401132548
3.872983346207417	3.5922306705305918	0.0013464189195225758	-0.12778237630050066	3.5758428218280316	0.003878880204264343	3.5840367461793985	0.002194756410044714
#
# --- Fine sweep ---
# R0	E/N	Error	eps_b	E_drift/N	Error_drift	E_lap/N	Error_lap
0.7162887895173075	2.813977300078809	0.00010776067278114332	-0.12778237630050066	2.820425388921756	0.0009991362593019472	2.8172013445000625	0.0005018020575834879
0.772103500388786	2.8114821083592307	0.00010551528778267477	-0.12778237630050066	2.81485719299631	0.0008193404027088735	2.8131696506779917	0.00041273895935132213
0.8279182112602644	2.8073122000213435	0.00010349446187286234	-0.12778237630050066	2.8118956878324055	0.0008866111544588646	2.809603943926703	0.0004456180906664248
0.8837329221317429	2.804635541517705	0.00010249870436133188	-0.12778237630050066	2.815185767084182	0.0009805236712676104	2.809910654301276	0.0004913692131465299
0.9395476330032215	2.8032239850389713	0.00010216856949967673	-0.12778237630050066	2.793198804214062	0.0008037302231924517	2.7982113946267853	0.00040353900314262956
0.9953623438746999	2.8032128631360553	0.00010264168409139723	-0.12778237630050066	2.8071767882314074	0.0008047943380556877	2.8051948256837513	0.00040284927425021633
1.0511770547461785	2.8036645974449024	0.00010336456351884528	-0.12778237630050066	2.8037195387345397	0.0008706938460010978	2.8036920680896253	0.0004363075118722486
1.106991765617657	2.804352191846519	0.00010367640449979306	-0.12778237630050066	2.807599533260629	0.0008424962523691708	2.8059758625534172	0.0004210925416274753
1.1628064764891355	2.805412655201576	0.00010689410481118513	-0.12778237630050066	2.80487453788035	0.0007976446484728516	2.8051435965409466	0.00039867054060600067
1.2186211873606139	2.8058561582571784	0.00010856479320862618	-0.12778237630050066	2.8069422821869754	0.0008471090566056792	2.8063992202221324	0.0004224305180668125
1.2744358982320925	2.810415763368334	0.00011068080809560378	-0.12778237630050066	2.8245507869885444	0.0008480094772532556	2.8174832751784544	0.0004238611584743612
1.330250609103571	2.81401609314056	0.00011275404513545055	-0.12778237630050066	2.8049996897878935	0.0008144727689364272	2.809507891464472	0.00040771261504499666
#
# --- Optimal ---
R0_opt      = 0.9953623438746999
energy_b    = -0.12778237630050066
E_opt       = 2.8032128631360553
err_opt     = 0.00010264168409139723
