# Stage 2: R0 optimization sweep
# N=60, nr0sq=1.0, h=0.36, R_match=0.8349980438651612
# L=7.745966692414834, L/2=3.872983346207417
#
# --- Coarse sweep ---
# R0	E/N	Error	eps_b	E_drift/N	Error_drift	E_lap/N	Error_lap
0.18	2.8015629428739066	0.0021841258301633195	-5.190562324307978	2.7687910403155747	0.0033286795867447975	2.78517699159476	0.0025115755080550094
0.3927272727272727	2.297275509815976	0.0018749205636361414	-5.190562324307978	2.2771477741781476	0.0035806818109082868	2.28721164199702	0.0023875530738244988
0.6054545454545455	1.6045041021738793	0.0013650067713786352	-5.190562324307978	1.6536227207663603	0.004016435919734645	1.6290634114701041	0.002195172891059904
0.8181818181818181	1.415790091337715	0.0016235132312260809	-5.190562324307978	1.4077177827474214	0.005285443726827568	1.411753937042556	0.0027496137624979248
1.030909090909091	1.9640005826144926	0.002465241045209085	-5.190562324307978	2.117932611555297	0.006304665388316641	2.0409665970848745	0.0034850463862793257
1.2436363636363637	4.211043938324264	0.004325381584826282	-5.190562324307978	4.166996783986388	0.008631417024592448	4.1890203611553085	0.0052280180740390805
1.4563636363636363	23.286336957526128	0.01492120596296942	-5.190562324307978	23.810861860261312	0.028099303003987015	23.548599408893157	0.01871298905706448
1.669090909090909	51.869462132696036	0.018307483909274395	-5.190562324307978	51.96345108487623	0.03976480744573493	51.91645660878716	0.024789969435381205
1.8818181818181818	69.81233062847687	0.02227786147507532	-5.190562324307978	70.91654160948663	0.050689521169677225	70.36443611898149	0.03109680629059389
2.0945454545454547	113.62557840860983	0.029787738569108536	-5.190562324307978	112.8715728357509	0.0659047519478294	113.24857562218318	0.04065743014782426
2.3072727272727276	164.37938166596442	0.03703400918331486	-5.190562324307978	166.43991992292692	0.08267890222053825	165.4096507944461	0.0510905072691579
2.52	212.41078168363853	0.04740842008207748	-5.190562324307978	213.7788926299797	0.11022442010927765	213.09483715681438	0.06707361132396072
#
# --- Fine sweep ---
# R0	E/N	Error	eps_b	E_drift/N	Error_drift	E_lap/N	Error_lap
0.5727272727272726	1.6919469305393948	0.0004565272074236268	-5.190562324307978	1.7082118342191444	0.0012882825124032017	1.7000793823793388	0.0007199099692334929
0.6173553719008263	1.571534327840424	0.00043458508784885295	-5.190562324307978	1.5334832969915717	0.001305405212304872	1.5525088124160442	0.0007071889288725587
0.66198347107438	1.4778060544820402	0.00042586489473299345	-5.190562324307978	1.4891998739629309	0.0013596761490300196	1.4835029642225408	0.0007198274123191142
0.7066115702479339	1.4120944140258804	0.00043743011212481756	-5.190562324307978	1.3754350301956457	0.001430895548411711	1.3937647221107947	0.0007433429559058703
0.7512396694214876	1.3970459780320321	0.0004580249026572535	-5.190562324307978	1.3923670066424545	0.0014868213498767354	1.3947064923372596	0.00077087862388067
0.7958677685950413	1.3807710937332067	0.0004853907108723981	-5.190562324307978	1.3620029336492292	0.001582774763975539	1.371387013691315	0.0008169842177222329
0.840495867768595	1.4218270559749053	0.0005341652678572274	-5.190562324307978	1.4411742627993493	0.001576716908058619	1.4315006593870299	0.0008202475299602352
0.8851239669421487	1.5007103959791563	0.0005799255671319384	-5.190562324307978	1.5121775828903672	0.0016809203247835909	1.5064439894347716	0.0008844767064705902
0.9297520661157024	1.6175672216168027	0.0006494443587421168	-5.190562324307978	1.6312571683906163	0.0017840571625278262	1.6244121950037427	0.0009541357925595287
0.9743801652892561	1.7726096622429917	0.0006981147954599164	-5.190562324307978	1.7929046885839242	0.001818182972603406	1.7827571754135827	0.0009850017919845386
1.0190082644628098	1.9821829607843329	0.0007737768731849454	-5.190562324307978	2.013980122798632	0.0020392580816148143	1.9980815417913689	0.0011069424222568342
1.0636363636363635	2.194180911204937	0.0008344621519939214	-5.190562324307978	2.1926060896207735	0.0021086957837055313	2.193393500412896	0.0011649783524032285
#
# --- Optimal ---
R0_opt      = 0.7958677685950413
energy_b    = -5.190562324307978
E_opt       = 1.3807710937332067
err_opt     = 0.0004853907108723981
