# Stage 2: R0 optimization sweep
# N=60, nr0sq=1.0, h=1.38, R_match=0.8349980438651612
# L=7.745966692414834, L/2=3.872983346207417
#
# --- Coarse sweep ---
# R0	E/N	Error	eps_b	E_drift/N	Error_drift	E_lap/N	Error_lap
0.69	2.8772045173686864	0.00025484898693707304	-0.03909379018360115	2.883362006115723	0.003161430772738434	2.8802832617422633	0.0015841656710728917
0.9793621223824924	2.880313692845519	0.0002553087722948417	-0.03909379018360115	2.9265675910817985	0.002677218864927578	2.90344064196374	0.0013398026960058744
1.268724244764985	2.8745026206147615	0.00025151290971719807	-0.03909379018360115	2.850631841974767	0.002427745115436842	2.862567231294713	0.0012164805841164523
1.5580863671474772	2.877209174928586	0.0002541263731374104	-0.03909379018360115	2.868065120362299	0.0024055011041044846	2.872637147645491	0.0012077134279142676
1.8474484895299697	2.8808804451763432	0.0002689579257453278	-0.03909379018360115	2.8585242459040825	0.002246772777725298	2.869702345540136	0.0011214249611787768
2.136810611912462	2.886003286189998	0.0002678398606683819	-0.03909379018360115	2.8826133518900994	0.002514819248984956	2.8843083190400045	0.0012599428431770096
2.4261727342949544	2.883537517234556	0.0002707436383531129	-0.03909379018360115	2.921874928493703	0.0027715129273904737	2.9027062228641003	0.0013854787373416546
2.715534856677447	2.882284983887293	0.000272379717053334	-0.03909379018360115	2.8552341344865915	0.002374214577415713	2.868759559186939	0.0011867062680857748
3.0048969790599394	2.8870045235046033	0.0002783509752457734	-0.03909379018360115	2.873189924231498	0.00272275748710086	2.8800972238680647	0.0013643238610279696
3.2942591014424325	2.8846165151365932	0.0002885114561440504	-0.03909379018360115	2.895871431350747	0.0025992273462163086	2.8902439732436602	0.0013056946853908203
3.5836212238249248	2.890497751331537	0.0002790735601278057	-0.03909379018360115	2.9044342786947803	0.002664338265594474	2.897466015013125	0.0013398589716364046
3.872983346207417	2.8951693243925494	0.00029269249284869496	-0.03909379018360115	2.898046477450677	0.0026683463202047076	2.8966079009215995	0.0013345924155748472
#
# --- Fine sweep ---
# R0	E/N	Error	eps_b	E_drift/N	Error_drift	E_lap/N	Error_lap
0.8881069713354893	2.8767486694705346	8.072128105854397e-5	-0.03909379018360115	2.885386294115607	0.0008091461899084	2.88106748179326	0.000404309455208637
0.9573101119590339	2.877490247823582	8.124888709219924e-5	-0.03909379018360115	2.8774875236450876	0.0007939555506587678	2.8774888857343868	0.0003973494554900919
1.0265132525825786	2.8785653051828692	8.079306969090119e-5	-0.03909379018360115	2.8779475350853203	0.0009671578784240432	2.878256420134014	0.00048405821042596945
1.0957163932061231	2.8769204126970385	8.084271516325186e-5	-0.03909379018360115	2.8552642861759	0.0007580574957410843	2.8660923494364323	0.00037916552781767725
1.1649195338296678	2.876537357215918	8.119824145732033e-5	-0.03909379018360115	2.873856609025798	0.0008437512679904029	2.875196983120819	0.00042227200076393065
1.2341226744532126	2.8769869161625294	8.12791041653833e-5	-0.03909379018360115	2.8735935763567624	0.000809158853038814	2.875290246259419	0.00040536814620232203
1.3033258150767573	2.8772923559804657	8.116842507162846e-5	-0.03909379018360115	2.881334698536128	0.000823053755806801	2.8793135272582027	0.00041252863569091414
1.372528955700302	2.8772951340552657	8.082063018352352e-5	-0.03909379018360115	2.8803890663523406	0.0014991889347580642	2.878842100204041	0.0007517451775425467
1.4417320963238467	2.876687559893144	8.20215858989737e-5	-0.03909379018360115	2.887639075530883	0.0008450533602355631	2.882163317712182	0.00042282763244750986
1.510935236947391	2.877048178285806	8.344659367217295e-5	-0.03909379018360115	2.881018536910439	0.0007980201693707658	2.8790333575982325	0.000399293275947938
1.5801383775709357	2.877914546379013	8.214615704533423e-5	-0.03909379018360115	2.8819429178267444	0.000817851836156237	2.879928732103047	0.0004093811647545875
1.6493415181944804	2.8801868110103914	8.246881387111737e-5	-0.03909379018360115	2.8796498279292666	0.0008288694016404662	2.8799183194700766	0.0004155919850009232
#
# --- Optimal ---
R0_opt      = 1.1649195338296678
energy_b    = -0.03909379018360115
E_opt       = 2.876537357215918
err_opt     = 8.119824145732033e-5
