# Stage 2: R0 optimization sweep
# N=60, nr0sq=1.0, h=1.44, R_match=0.8349980438651612
# L=7.745966692414834, L/2=3.872983346207417
#
# --- Coarse sweep ---
# R0	E/N	Error	eps_b	E_drift/N	Error_drift	E_lap/N	Error_lap
0.72	2.883557368026632	0.0002565236750526467	-0.0371367433022375	2.8641610131157402	0.0023911329081811876	2.8738591905710846	0.0011963639779040797
1.0066348496552198	2.8810238613046057	0.0002523117249572285	-0.0371367433022375	2.91485503508783	0.004192471530207134	2.8979394481962415	0.002104063398723729
1.2932696993104393	2.878522717806094	0.0002452616838164718	-0.0371367433022375	2.881571699636857	0.0024985205919771255	2.8800472087214155	0.0012484091606397977
1.5799045489656591	2.8852858247552433	0.0002620096042008376	-0.0371367433022375	2.8763937389315775	0.002610722514359448	2.880839781843402	0.0013062295958727627
1.866539398620879	2.882005685870533	0.0002623165623611879	-0.0371367433022375	2.888338800017648	0.0026662728979064726	2.885172242944116	0.0013355861847712557
2.1531742482760987	2.8839319143159057	0.00026867726092451023	-0.0371367433022375	2.92930577143074	0.002919211059237145	2.9066188428733337	0.001458100353912042
2.439809097931318	2.890213424302554	0.00026744716043016305	-0.0371367433022375	2.8817813594659043	0.002791263356334275	2.8859973918842843	0.0014008509973104796
2.726443947586538	2.888542639891538	0.0002689252871277099	-0.0371367433022375	2.8710085337262727	0.002440727430180736	2.8797755868089734	0.0012228588390661573
3.0130787972417576	2.891264389166614	0.000271736092281261	-0.0371367433022375	2.8318104146315344	0.0022706347608416203	2.861537401899069	0.0011340347315923786
3.299713646896978	2.8932698021651033	0.0002755550605001668	-0.0371367433022375	2.8829283444652134	0.002839483926519314	2.8880990733152276	0.0014234034785609803
3.5863484965521972	2.896427660522022	0.0002762665959943944	-0.0371367433022375	2.929539940990453	0.0026586364282376873	2.912983800756194	0.001332843817812213
3.872983346207417	2.8950948564639893	0.0002862773827272381	-0.0371367433022375	2.9380339384001974	0.0026355143930421312	2.9165643974320465	0.0013161591296860851
#
# --- Fine sweep ---
# R0	E/N	Error	eps_b	E_drift/N	Error_drift	E_lap/N	Error_lap
0.9052887895173075	2.8814539746483026	8.071269827644766e-5	-0.0371367433022375	2.8982341252529764	0.0010288528008006602	2.8898440499503963	0.0005147459531539085
0.9758307731160587	2.883289440528363	7.96762891621153e-5	-0.0371367433022375	2.880697899954094	0.0008452657530475524	2.881993670241681	0.00042310151812565913
1.04637275671481	2.8821596338912885	8.022756873177352e-5	-0.0371367433022375	2.8785619242249427	0.0008755020411714105	2.880360779058165	0.00043846429884297284
1.116914740313561	2.8821479287181506	8.051820299468357e-5	-0.0371367433022375	2.885045844167297	0.0007997163608349891	2.883596886442708	0.0004000955704663924
1.1874567239123124	2.882837124151919	8.022910642388997e-5	-0.0371367433022375	2.893725851284108	0.0008669525560840267	2.8882814877181913	0.00043366832852079066
1.2579987075110637	2.882238746080124	8.091833595567054e-5	-0.0371367433022375	2.8827296593216962	0.0008247702238044967	2.8824842027009665	0.00041306215073760405
1.328540691109815	2.883006011140938	8.097211723555367e-5	-0.0371367433022375	2.873815649945473	0.0008312826092573885	2.87841083054315	0.0004153076858590476
1.3990826747085663	2.8838342763492215	8.074060190851674e-5	-0.0371367433022375	2.8736638256687312	0.000803427530703538	2.878749051008969	0.0004020652247695101
1.4696246583073176	2.882351966727136	8.181076614418879e-5	-0.0371367433022375	2.879353360782956	0.0007912119478624844	2.8808526637550886	0.0003955358464644794
1.5401666419060687	2.884698147788603	8.181899826841751e-5	-0.0371367433022375	2.881513460592434	0.0009131571995791167	2.883105804190397	0.00045710346436103513
1.61070862550482	2.8837266458956297	8.202333533141633e-5	-0.0371367433022375	2.8761026406512067	0.0008230042963606979	2.8799146432734024	0.0004119117135049052
1.6812506091035713	2.883212745480418	8.226837542884354e-5	-0.0371367433022375	2.882001002209638	0.0008846984430940565	2.8826068738452246	0.00044296781524154154
#
# --- Optimal ---
R0_opt      = 0.9052887895173075
energy_b    = -0.0371367433022375
E_opt       = 2.8814539746483026
err_opt     = 8.071269827644766e-5
