# Stage 2: R0 optimization sweep
# N=60, nr0sq=1.0, h=0.3, R_match=0.8349980438651612
# L=10.954451150103322, L/2=5.477225575051661
#
# --- Coarse sweep ---
# R0	E/N	Error	eps_b	E_drift/N	Error_drift	E_lap/N	Error_lap
0.15	1.1609861081171358	0.00237217258215999	-11.661903206745434	1.1637175745508046	0.002820471123303339	1.1623518413339664	0.0024854619733294253
0.3125	0.7489064210251826	0.0023682294431195397	-11.661903206745434	0.7796156409182442	0.003262807005584001	0.7642610309717107	0.002605536049198474
0.475	-0.3744064807063291	0.0021920732465171835	-11.661903206745434	-0.546702672171807	0.0043245094935108535	-0.46055457643905734	0.002856202990318484
0.6375	-1.7604217367868	0.0020287028335571862	-11.661903206745434	-1.4899362446478366	0.006012843970223341	-1.6251789907173546	0.0034048928461065204
0.7999999999999999	-2.584172122591464	0.002253817242432852	-11.661903206745434	-2.523065857192256	0.0073836767317010076	-2.5536189898918105	0.003992052309111286
0.9625000000000001	-2.0643822297509637	0.003385776666686587	-11.661903206745434	-1.8927923903843868	0.010294285547280329	-1.9785873100676836	0.005749081806026932
1.125	5.336802436504561	0.010861126883527718	-11.661903206745434	5.0153241831432815	0.018415516211410944	5.1760633098238635	0.012494218005160417
1.2875	20.332835192191386	0.014182071953824073	-11.661903206745434	20.72105250075881	0.028253912643279158	20.526943846475092	0.017781378210863952
1.45	36.32126495248485	0.023589134496924038	-11.661903206745434	36.680508095890154	0.04507114450634252	36.50088652418756	0.02998977997858544
1.6125000000000003	34.921995601342786	0.018374974503477796	-11.661903206745434	34.99663352612209	0.03595177923003432	34.95931456373273	0.023225566508105217
1.7750000000000001	42.51111376262647	0.023890280972752104	-11.661903206745434	42.217088252408445	0.04123393952720988	42.364101007517554	0.028545986315493686
1.9375	79.05741848236988	0.0462206952684003	-11.661903206745434	79.2128388873388	0.06596960745080734	79.13512868485257	0.049131230113609634
2.1	59.067429850028866	0.022465866600105147	-11.661903206745434	59.3817519174388	0.04789145017030177	59.22459088373297	0.02977810627540575
#
# --- Fine sweep ---
# R0	E/N	Error	eps_b	E_drift/N	Error_drift	E_lap/N	Error_lap
0.5599999999999999	-1.1154629365234454	0.0006551225746029588	-11.661903206745434	-1.1716889753495594	0.0016505916696593617	-1.143575955936549	0.0009854199221013653
0.6	-1.4769700635416845	0.000631733351754123	-11.661903206745434	-1.4398335175928143	0.0017313001221519444	-1.4584017905672082	0.0009942627257680376
0.6399999999999999	-1.7876078057080798	0.0006021472296043156	-11.661903206745434	-1.7076655616730392	0.0018675144578476827	-1.7476366836905866	0.00103539911607576
0.6799999999999999	-2.0713315434850577	0.0006150056660636474	-11.661903206745434	-2.0723127383215596	0.0019757901867330646	-2.0718221409034503	0.0010800394362612126
0.72	-2.307448259494047	0.0006226712191050716	-11.661903206745434	-2.306901017369299	0.00215460767310321	-2.30717463843169	0.0011580159486682996
0.76	-2.502082957087383	0.0006572501116076788	-11.661903206745434	-2.4742104816857244	0.002283559071666809	-2.488146719386483	0.0012213014022375165
0.8	-2.590972518819308	0.0006925060253840655	-11.661903206745434	-2.581986010791105	0.002375886846171546	-2.586479264804984	0.001260728660243527
0.84	-2.62030205317258	0.0007716290024473961	-11.661903206745434	-2.635633737966668	0.0024470779664623903	-2.6279678955694523	0.001319241953340339
0.88	-2.5707286058133487	0.0008602985476211812	-11.661903206745434	-2.5667329559549485	0.0025106139065868543	-2.5687307808839988	0.0013659365090455445
0.92	-2.405915122215334	0.0009987276984687972	-11.661903206745434	-2.445017811210569	0.0028492791492624836	-2.425466466712883	0.0015722895243492489
0.96	-2.0751605512205504	0.0011669433799259684	-11.661903206745434	-2.0675888052072806	0.0029487604998691777	-2.0713746782137816	0.0016695519192749073
1.0	-1.3970736804890462	0.0013543813002702234	-11.661903206745434	-1.3945077319373336	0.0032414697906767366	-1.3957907062132195	0.0018582477537891615
1.04	-0.5541673911602524	0.001651194039588695	-11.661903206745434	-0.5735737284146019	0.0035937816773840762	-0.5638705597874423	0.002169152375723101
#
# --- Optimal ---
R0_opt      = 0.84
energy_b    = -11.661903206745434
E_opt       = -2.62030205317258
err_opt     = 0.0007716290024473961
