# Stage 2: R0 optimization sweep
# N=60, nr0sq=1.0, h=1.2, R_match=0.8349980438651612
# L=7.745966692414834, L/2=3.872983346207417
#
# --- Coarse sweep ---
# R0	E/N	Error	eps_b	E_drift/N	Error_drift	E_lap/N	Error_lap
0.6	2.862621702072831	0.0002658361505410422	-0.04736829285119559	2.868108123531706	0.002936674623593931	2.8653649128021885	0.001470231942079459
0.8975439405643106	2.8622497616320675	0.0002639784356632485	-0.04736829285119559	2.871499362896149	0.0026153679854311134	2.8668745622640737	0.001311920415441885
1.1950878811286212	2.8605774578718868	0.0002620366608981094	-0.04736829285119559	2.8530227025048642	0.0023250156144764603	2.85680008018833	0.0011610659109010171
1.4926318216929317	2.8637782733990265	0.00026997547541432243	-0.04736829285119559	2.856264294874862	0.0023622364630590475	2.8600212841369435	0.0011872389235933092
1.7901757622572425	2.8651020360484787	0.00027428863107296534	-0.04736829285119559	2.887542381629281	0.002568827277609063	2.876322208838841	0.0012831730884605554
2.0877197028215533	2.866109103457112	0.00028389224892874724	-0.04736829285119559	2.8793521312684027	0.0026627002194384484	2.8727306173627922	0.0013324081855067187
2.385263643385864	2.872005144920988	0.0002901955427923374	-0.04736829285119559	2.891704381047562	0.0026566108423113108	2.8818547629843363	0.0013325838369372671
2.6828075839501744	2.874487047357971	0.00030191688300641197	-0.04736829285119559	2.889374721931972	0.0028537588057493024	2.881930884645015	0.0014319931256486795
2.980351524514485	2.877710730405991	0.0003085973746829311	-0.04736829285119559	2.904260118010224	0.00262373840844185	2.890985424208066	0.0013137618754256954
3.277895465078796	2.882890807568506	0.00030425546940152044	-0.04736829285119559	2.861076793651495	0.0025102642469897614	2.871983800610051	0.0012645063620486002
3.5754394056431065	2.8897407678282065	0.0003092993168049638	-0.04736829285119559	2.9109781227886935	0.002493171501590363	2.900359445308405	0.0012530791933902648
3.872983346207417	2.888482515412951	0.00031684213688059807	-0.04736829285119559	2.88551332211478	0.0025902519325753707	2.886997918763957	0.001301149237991432
#
# --- Fine sweep ---
# R0	E/N	Error	eps_b	E_drift/N	Error_drift	E_lap/N	Error_lap
0.8365615167900348	2.8618529076136623	8.344755234997284e-5	-0.04736829285119559	2.8708400071589204	0.000879366127027735	2.8663464573863497	0.0004407887880771083
0.9017481284879596	2.8614653758763167	8.28786422398823e-5	-0.04736829285119559	2.866491549056396	0.0008627207353293645	2.863978462466382	0.00043170925035386666
0.9669347401858843	2.8607133563658604	8.216481539946441e-5	-0.04736829285119559	2.8528633541261743	0.0007961923179093811	2.856788355246072	0.00039864529183143347
1.032121351883809	2.860683109911802	8.157881983642319e-5	-0.04736829285119559	2.8620262017747407	0.0008452939644786752	2.8613546558432534	0.0004234911754080939
1.097307963581734	2.862250402560511	8.300714914947238e-5	-0.04736829285119559	2.8666887211059104	0.0008713740671919897	2.8644695618333476	0.0004367303688897424
1.1624945752796587	2.8622520875379864	8.24009357279642e-5	-0.04736829285119559	2.854147937723601	0.0007917670119074727	2.858200012630925	0.0003963427464219717
1.2276811869775834	2.862525714245891	8.287826249751934e-5	-0.04736829285119559	2.876689244814786	0.000820059395148538	2.869607479530022	0.0004107004417111666
1.2928677986755082	2.861878239417903	8.415908365459942e-5	-0.04736829285119559	2.8642773279082503	0.0007990622639379175	2.863077783663233	0.00040027593787071524
1.358054410373433	2.8634947327502176	8.400635890806539e-5	-0.04736829285119559	2.8660488625077423	0.0008271776659076557	2.8647717976291913	0.00041367896874396667
1.423241022071358	2.8622443855566786	8.401648582347523e-5	-0.04736829285119559	2.8591324547900476	0.0008529312347039973	2.8606884201732803	0.0004275520090629652
1.4884276337692828	2.863068390556662	8.494379638633889e-5	-0.04736829285119559	2.8567926318311274	0.0008028942822937682	2.8599305111935194	0.00040180270251615456
1.5536142454672075	2.8639196644183804	8.616637203324047e-5	-0.04736829285119559	2.872703896055583	0.0008857322825452855	2.8683117802374047	0.0004434595638073441
#
# --- Optimal ---
R0_opt      = 1.032121351883809
energy_b    = -0.04736829285119559
E_opt       = 2.860683109911802
err_opt     = 8.157881983642319e-5
