# Stage 2: R0 optimization sweep
# N=60, nr0sq=1.0, h=0.4, R_match=0.8349980438651612
# L=10.954451150103322, L/2=5.477225575051661
#
# --- Coarse sweep ---
# R0	E/N	Error	eps_b	E_drift/N	Error_drift	E_lap/N	Error_lap
0.2	1.1476294732801622	0.0013249761626790023	-3.173409589834372	1.132942334681443	0.0018131590308092438	1.1402859039808044	0.001461133395570628
0.4166666666666667	0.9833906664388314	0.00115623139938015	-3.173409589834372	0.9775204053686842	0.0019726312635279736	0.9804555359037687	0.0014069010580437156
0.6333333333333333	0.597831667526897	0.0009426750681593303	-3.173409589834372	0.6514052907681748	0.0022380848220623175	0.6246184791475309	0.001354737209244709
0.8500000000000001	0.30576340138824015	0.000807723411930432	-3.173409589834372	0.3131253817058565	0.0028239084064550462	0.30944439154704556	0.0014885286899126166
1.0666666666666667	0.21951502863159794	0.0009845751925759963	-3.173409589834372	0.21710832448176554	0.0036324358196718172	0.21831167655668432	0.0018813800464151395
1.2833333333333334	0.5140902622520808	0.0015571659098528793	-3.173409589834372	0.5778748703885732	0.0041827319621106475	0.5459825663203316	0.002267627902096063
1.5000000000000002	1.4231808776270793	0.0023071980731719554	-3.173409589834372	1.461622416358264	0.00480311251766678	1.4424016469927072	0.0028136771204672925
1.7166666666666668	11.870658928063753	0.009300569631347583	-3.173409589834372	11.76234261130586	0.01653744439390163	11.816500769685042	0.01128280725652439
1.9333333333333333	13.829849555141404	0.008942314171554359	-3.173409589834372	13.832979327123049	0.01620569870801797	13.831414441132274	0.010912205983501642
2.15	35.341167458100806	0.013004439262671431	-3.173409589834372	35.335897872020375	0.027479635192113796	35.338532665060306	0.017384445379832112
2.3666666666666667	40.376543072307975	0.013743216460047695	-3.173409589834372	41.047972659846856	0.03297768181056266	40.71225786607551	0.020025998187689673
2.5833333333333335	39.13481687040267	0.013138328815309618	-3.173409589834372	39.42105022435978	0.03073243479220019	39.27793354737981	0.01865822766957337
2.8000000000000003	50.25419780184061	0.014745234375407843	-3.173409589834372	50.74181275783169	0.03822515891406756	50.498005279837265	0.022739654087050403
#
# --- Fine sweep ---
# R0	E/N	Error	eps_b	E_drift/N	Error_drift	E_lap/N	Error_lap
0.7466666666666666	0.41307669367558814	0.00026042792652272766	-3.173409589834372	0.4014786688057409	0.0007990911157901709	0.40727768124068003	0.0004415635334232233
0.7999999999999998	0.33581554986555734	0.0002539260263851515	-3.173409589834372	0.343601895934816	0.0008239401706384783	0.3397087229002034	0.0004439934137815434
0.8533333333333333	0.28243301373843427	0.0002509825757783838	-3.173409589834372	0.29142839314006985	0.0008473723672296832	0.28693070343925675	0.00044748644423409984
0.9066666666666666	0.24673026852185068	0.0002577508600935886	-3.173409589834372	0.25245381423261093	0.0008831279400912075	0.24959204137724228	0.0004648450763479315
0.96	0.21441716579920544	0.00026764922348697866	-3.173409589834372	0.21540255426348098	0.0009599197708069746	0.21490986003135337	0.0004993295471822774
1.0133333333333332	0.21372323115177194	0.00028813472120504794	-3.173409589834372	0.2042504340769164	0.0010033088620719768	0.2089868326143531	0.0005195200362161522
1.0666666666666667	0.21334123290174886	0.0003121673400975689	-3.173409589834372	0.20810817470403692	0.0010438336605706677	0.21072470380290445	0.0005441485924421065
1.12	0.2695234716808624	0.0003486482470183417	-3.173409589834372	0.27607362310803246	0.0010409708857015694	0.2727985473944288	0.0005496162608050148
1.1733333333333333	0.3109221772393848	0.00037567595537042514	-3.173409589834372	0.3145999820736663	0.001124223914592814	0.31276107965651684	0.000595287452554466
1.2266666666666666	0.39286448287209547	0.00041521653383824595	-3.173409589834372	0.38881330609485043	0.0011736765858557229	0.39083889448343795	0.0006274055102268329
1.28	0.494051246696246	0.0004531449979409622	-3.173409589834372	0.485383311023114	0.0013073155177004267	0.4897172788597235	0.000702741007451222
1.3333333333333333	0.6351253337352066	0.0005059762418902748	-3.173409589834372	0.6293769043051113	0.0013531367160244817	0.6322511190201777	0.0007359545964234157
1.3866666666666667	0.8353874220989934	0.0005743248613927465	-3.173409589834372	0.8434452139161184	0.0014534956676812395	0.8394163180076702	0.0008098796482067239
#
# --- Optimal ---
R0_opt      = 1.0666666666666667
energy_b    = -3.173409589834372
E_opt       = 0.21334123290174886
err_opt     = 0.0003121673400975689
