# Stage 2: R0 optimization sweep
# N=60, nr0sq=1.0, h=0.9, R_match=0.8349980438651612
# L=7.745966692414834, L/2=3.872983346207417
#
# --- Coarse sweep ---
# R0	E/N	Error	eps_b	E_drift/N	Error_drift	E_lap/N	Error_lap
0.45	2.840182920243518	0.00031683491755702564	-0.0838214576334517	2.8209601578866077	0.002275202650839334	2.8305715390650557	0.0011514931271470645
0.7611803042006742	2.8366395635140695	0.0003011202509893934	-0.0838214576334517	2.829443790765062	0.002293724007234222	2.8330416771395615	0.0011553167613935155
1.0723606084013486	2.8269072217155036	0.00029468130080404945	-0.0838214576334517	2.8175850496400527	0.0034088536438351886	2.822246135677726	0.0017113113122930658
1.3835409126020228	2.834860768946058	0.00030998772369347056	-0.0838214576334517	2.8242718811473826	0.002541092918742112	2.8295663250467284	0.001265721011098144
1.694721216802697	2.8458623802546468	0.00033849833393861576	-0.0838214576334517	2.8658483134055697	0.003293528567093069	2.8558553468300047	0.001645410949610581
2.0059015210033713	2.859463348912399	0.00037111952323991385	-0.0838214576334517	2.881632837914073	0.002789963619974949	2.8705480934132113	0.0014002479894823494
2.3170818252040455	2.870993838144392	0.00038332672653825173	-0.0838214576334517	2.909368126737817	0.002787489860513212	2.890180982441217	0.0014025660689477612
2.6282621294047197	2.89538475934203	0.0003855865677238575	-0.0838214576334517	2.8747821562918316	0.0027016014220476456	2.8850834578169042	0.001367775816330718
2.939442433605394	2.894031572130983	0.00041880268766894145	-0.0838214576334517	2.959223070701108	0.0030653754095397645	2.9266273214160887	0.0015504762146943186
3.250622737806069	2.9155979226245687	0.00043378926407282255	-0.0838214576334517	2.952741002132896	0.002893140812417697	2.934169462378707	0.0014687577740565671
3.561803042006743	2.931978327873094	0.00044410423980243585	-0.0838214576334517	2.8958973145202256	0.002389723334242277	2.913937821196621	0.0012067581904498998
3.872983346207417	2.94801011124889	0.00048596555546194	-0.0838214576334517	2.9192976418046177	0.0028649461234959493	2.9336538765267046	0.0014615515457747862
#
# --- Fine sweep ---
# R0	E/N	Error	eps_b	E_drift/N	Error_drift	E_lap/N	Error_lap
0.7506524258809439	2.8337987538166294	9.43516285499732e-5	-0.0838214576334517	2.833756431741511	0.0008528868409613521	2.8337775927789774	0.0004281775009881932
0.8091448227028357	2.8318353077499094	9.382467701561185e-5	-0.0838214576334517	2.8307518412990533	0.0007694891678777103	2.831293574524356	0.0003866369680237829
0.8676372195247274	2.830451047817664	9.161614332843607e-5	-0.0838214576334517	2.831724955778342	0.0008310616091871582	2.8310880017979345	0.0004166644137606568
0.9261296163466193	2.830278291980917	9.284268994237355e-5	-0.0838214576334517	2.8391751007475814	0.0008258839200101706	2.8347266963644184	0.0004138207713445545
0.9846220131685111	2.828544251400378	9.286185132614224e-5	-0.0838214576334517	2.847784350969298	0.0010451447994034135	2.838164301184651	0.0005231003651977375
1.0431144099904026	2.829081277176758	9.238412284047435e-5	-0.0838214576334517	2.831318402317024	0.0008424720783978237	2.8301998397467947	0.00042157947531497997
1.1016068068122946	2.827955993235614	9.286848362695944e-5	-0.0838214576334517	2.846409395725821	0.0009399165343551548	2.8371826944803753	0.0004702162418758465
1.1600992036341862	2.827299062383771	9.418862910703536e-5	-0.0838214576334517	2.8348534781225245	0.0009482534729975599	2.8310762702533867	0.00047409092156279253
1.2185916004560782	2.8292555462299895	9.479081957907365e-5	-0.0838214576334517	2.837579927692113	0.000960456806173761	2.8334177369608513	0.00048060526887160656
1.2770839972779697	2.83168707916347	9.617515194657238e-5	-0.0838214576334517	2.8263510725790657	0.000801748713996304	2.829019075871683	0.00040086097018757064
1.3355763940998615	2.83112518636422	9.658058122915053e-5	-0.0838214576334517	2.8416426035692455	0.0008819457616644435	2.8363838949665774	0.0004407090329332223
1.3940687909217533	2.8310059906080984	9.880401588138404e-5	-0.0838214576334517	2.848277920003576	0.0008629521751373916	2.8396419553055106	0.00043197507082290393
#
# --- Optimal ---
R0_opt      = 1.1600992036341862
energy_b    = -0.0838214576334517
E_opt       = 2.827299062383771
err_opt     = 9.418862910703536e-5
