# Stage 2: R0 optimization sweep
# N=60, nr0sq=1.0, h=0.5, R_match=0.8349980438651612
# L=10.954451150103322, L/2=5.477225575051661
#
# --- Coarse sweep ---
# R0	E/N	Error	eps_b	E_drift/N	Error_drift	E_lap/N	Error_lap
0.25	1.151143790048389	0.0008114130378899218	-1.0384814350109175	1.1587479783427184	0.0017529205825181414	1.15494588419556	0.001124776063444652
0.5208333333333333	1.054783084230659	0.000683421270063602	-1.0384814350109175	1.0536996621020793	0.0016332113445597333	1.0542413731663753	0.0010098733169180392
0.7916666666666666	0.8947655584307653	0.0004996107392004645	-1.0384814350109175	0.888439072515579	0.0016693495153358184	0.891602315473176	0.0008998789578372969
1.0625	0.8052724800159309	0.0004591154038693698	-1.0384814350109175	0.8329636878654968	0.0018886256430853089	0.8191180839407031	0.0009656429280319533
1.3333333333333333	0.8507172272992828	0.000587808566980692	-1.0384814350109175	0.8680854970827983	0.0021216925521325924	0.8594013621910268	0.001077285093484586
1.6041666666666667	0.986748314807017	0.0007855246876801437	-1.0384814350109175	0.9758634625596709	0.0020867705830576078	0.9813058886833262	0.001113052564775118
1.875	1.2786226217828658	0.0010597520721986806	-1.0384814350109175	1.2921752448361608	0.0026331020594857046	1.2853989333095197	0.0014568092586820173
2.1458333333333335	2.144835376989311	0.0017506483412323647	-1.0384814350109175	2.13584595794612	0.0039938013277129114	2.140340667467686	0.0023696235678572278
2.4166666666666665	10.592303035390607	0.005772637537677513	-1.0384814350109175	10.497190073816343	0.010910191069323697	10.544746554603616	0.007277389704278772
2.6875	16.760300565574934	0.00647968215285626	-1.0384814350109175	16.58973426844488	0.014199989249860788	16.675017417009812	0.008814865941832364
2.9583333333333335	32.557427388922555	0.00928170758831377	-1.0384814350109175	32.726530468928466	0.02534476531255187	32.64197892892587	0.01475182741821627
3.2291666666666665	27.438023392720584	0.008498736200388386	-1.0384814350109175	27.42529127528398	0.02020503680015741	27.43165733400279	0.012215738514478058
3.5	56.10567568935793	0.013194662399552411	-1.0384814350109175	55.425622917586246	0.03189992446546651	55.76564930347283	0.01896715824834562
#
# --- Fine sweep ---
# R0	E/N	Error	eps_b	E_drift/N	Error_drift	E_lap/N	Error_lap
0.7437499999999999	0.923901157874742	0.00016677504438244206	-1.0384814350109175	0.9292894348080343	0.0005242238573815431	0.9265952963414938	0.00029216938114690375
0.7968749999999999	0.8912427395271145	0.000156206410433231	-1.0384814350109175	0.8937514344499748	0.0006099384071884927	0.8924970869885562	0.00032530318527452374
0.85	0.8676674734150127	0.000149085037578552	-1.0384814350109175	0.8614899803394438	0.0005434268916786648	0.8645787268772503	0.00028972573300310587
0.903125	0.8480495795615419	0.00014335537162117815	-1.0384814350109175	0.8475887388221957	0.0005804109667386985	0.8478191591919028	0.0003041431316945081
0.95625	0.8330703042194617	0.0001405170634516009	-1.0384814350109175	0.8275184996299015	0.000567036482182503	0.8302944019247221	0.0002938749373644086
1.009375	0.82245160330725	0.00014066609473859667	-1.0384814350109175	0.827357471293979	0.0005980913559227082	0.8249045373006401	0.00030590044270155863
1.0625	0.8159622652062286	0.0001444324871556819	-1.0384814350109175	0.8116698603503338	0.0006267379621530814	0.8138160627782542	0.0003188192314119317
1.115625	0.8097365925097652	0.00014729205052168773	-1.0384814350109175	0.8230453711313686	0.000612635801534052	0.8163909818206262	0.00031043351419127705
1.1687500000000002	0.8132141706577419	0.00015490877176741594	-1.0384814350109175	0.8172090999693292	0.0006066481628174048	0.815211635313596	0.00030764538553760754
1.2218750000000003	0.8183083282551559	0.00016329883671060933	-1.0384814350109175	0.8131526955397155	0.0006715122883758266	0.8157305118973815	0.0003418062735698037
1.2750000000000001	0.8313541227952956	0.00017202409929968347	-1.0384814350109175	0.8329464647396669	0.0006531250630520039	0.8321502937675057	0.0003320652441334601
1.328125	0.8450238643768374	0.00018444260456379184	-1.0384814350109175	0.8374886173088874	0.0006569262031023427	0.8412562408429227	0.00033535153886768
1.38125	0.860052870153551	0.00019431255778606945	-1.0384814350109175	0.8652719003603128	0.0006647914864376849	0.8626623852570297	0.00034124864191574874
#
# --- Optimal ---
R0_opt      = 1.115625
energy_b    = -1.0384814350109175
E_opt       = 0.8097365925097652
err_opt     = 0.00014729205052168773
