0.03872983346207417
0.1161895003862225
0.19364916731037085
0.2711088342345192
0.3485685011586675
0.42602816808281585
0.5034878350069641
0.5809475019311126
0.6584071688552608
0.7358668357794093
0.8133265027035576
0.8907861696277058
0.9682458365518543
1.0457055034760026
1.1231651704001508
1.2006248373242991
1.2780845042484477
1.355544171172596
1.4330038380967443
1.5104635050208925
1.5879231719450408
1.6653828388691894
1.7428425057933377
1.820302172717486
1.8977618396416343
1.9752215065657825
2.052681173489931
2.130140840414079
2.2076005073382277
2.285060174262376
2.3625198411865242
2.4399795081106728
2.517439175034821
2.5948988419589694
2.6723585088831174
2.749818175807266
2.8272778427314145
2.9047375096555625
2.982197176579711
3.059656843503859
3.1371165104280077
3.214576177352156
3.2920358442763042
3.3694955112004528
3.446955178124601
3.5244148450487494
3.601874511972898
3.679334178897046
3.7567938458211945
3.8342535127453425
3.911713179669491
3.9891728465936396
4.066632513517788
4.144092180441936
4.221551847366085
4.299011514290233
4.376471181214381
4.45393084813853
4.531390515062678
4.608850181986826
4.686309848910974
4.763769515835123
4.841229182759271
4.918688849683419
4.996148516607568
5.073608183531716
5.151067850455864
5.228527517380013
5.305987184304161
5.383446851228309
5.460906518152457
5.538366185076606
5.6158258520007545
5.6932855189249025
5.7707451858490515
5.8482048527732
5.925664519697348
6.003124186621497
6.080583853545645
6.158043520469793
6.235503187393941
6.31296285431809
6.390422521242238
6.467882188166386
6.545341855090535
6.622801522014683
6.700261188938831
6.777720855862979
6.855180522787128
6.932640189711276
7.010099856635424
7.087559523559573
7.165019190483721
7.242478857407869
7.319938524332018
7.397398191256166
7.4748578581803145
7.5523175251044625
7.6297771920286115
7.70723685895276
